Federal Office of Meteorology and Climatology MeteoSwiss
MeteoSchweiz / MeteoSuisse / MeteoSvizzera / MeteoSwiss

Monthly homogenized values

Station:                  Chaumont
Altitude [m asl]:         1136 m
Coordinates:              47° 3.0' N / 6° 58.7' E

Reference date of homogenization:
         Temperature:     01.12.2020
         Precipitation:   01.12.2007

Last inhomogeneity provisionally corrected:
         Temperature:     no
         Precipitation:   no

Units:
         Temperature:     °C
         Precipitation:   mm

Missing values:           NA

Data source:              MeteoSwiss
Creation date:            20.11.2022


Year  Month        Temperature      Precipitation  
1864      1               -3.8               34.3  
1864      2               -2.6               51.6  
1864      3                1.6              101.1  
1864      4                3.5               69.0  
1864      5                8.1              112.0  
1864      6                9.5              225.1  
1864      7               12.8               54.8  
1864      8               11.4               67.3  
1864      9                9.2              107.2  
1864     10                4.5               79.7  
1864     11                0.5               88.1  
1864     12               -1.6               18.6  
1865      1               -1.5              122.9  
1865      2               -5.0               83.1  
1865      3               -5.4               59.4  
1865      4                9.4               20.2  
1865      5               10.9              105.5  
1865      6               11.2               62.9  
1865      7               14.5              104.5  
1865      8               11.2              181.5  
1865      9               13.7                2.1  
1865     10                6.8              240.0  
1865     11                2.6              102.7  
1865     12               -0.8               21.2  
1866      1                0.6               76.3  
1866      2                0.8              136.8  
1866      3               -0.4              153.7  
1866      4                5.0              122.9  
1866      5                4.8              207.3  
1866      6               12.7               51.3  
1866      7               12.4              106.1  
1866      8               10.1              193.9  
1866      9               10.4              106.5  
1866     10                7.3               83.4  
1866     11                1.1              111.2  
1866     12                2.3              133.9  
1867      1               -2.7              211.4  
1867      2                1.9               45.1  
1867      3                0.3              222.1  
1867      4                3.5              180.9  
1867      5                8.3               76.9  
1867      6               10.6              222.9  
1867      7               11.0               47.5  
1867      8               13.6               90.3  
1867      9               10.7               99.1  
1867     10                4.3              112.3  
1867     11                0.4               17.2  
1867     12               -4.0               61.2  
1868      1               -4.9               43.7  
1868      2                0.1                6.7  
1868      3               -1.2               71.5  
1868      4                2.8               95.0  
1868      5               13.3               45.0  
1868      6               12.2               45.3  
1868      7               13.6              138.4  
1868      8               12.7              121.1  
1868      9               12.7              173.2  
1868     10                5.7              107.8  
1868     11               -0.4               71.8  
1868     12                3.1              218.5  
1869      1               -2.9               57.2  
1869      2                2.7               42.2  
1869      3               -3.9               50.8  
1869      4                6.1               33.2  
1869      5                9.0              183.7  
1869      6                8.3               81.9  
1869      7               15.5               95.6  
1869      8               11.2               43.3  
1869      9               10.9              108.7  
1869     10                3.6               52.2  
1869     11                0.9              121.6  
1869     12               -1.7               59.2  
1870      1               -3.7               29.2  
1870      2               -1.9               31.6  
1870      3               -2.1               85.4  
1870      4                4.2               24.1  
1870      5                9.5               42.3  
1870      6               11.8               71.9  
1870      7               15.2               60.6  
1870      8               10.0              134.7  
1870      9                8.7               59.9  
1870     10                5.5              200.7  
1870     11                0.7              188.5  
1870     12               -6.0              128.3  
1871      1               -6.6              106.0  
1871      2                0.7               37.0  
1871      3                1.4               28.1  
1871      4                4.3              115.4  
1871      5                7.2               30.8  
1871      6                7.1              158.6  
1871      7               13.3              101.4  
1871      8               13.3               33.3  
1871      9               12.3               72.7  
1871     10                4.8              142.1  
1871     11               -2.3               32.7  
1871     12               -4.9                7.5  
1872      1               -1.1              117.4  
1872      2                0.5               78.9  
1872      3                1.9               53.2  
1872      4                4.4              145.7  
1872      5                6.1              220.2  
1872      6               10.2              167.7  
1872      7               14.0               84.7  
1872      8               11.0              136.2  
1872      9               11.0               29.0  
1872     10                6.3              251.4  
1872     11                3.2              100.9  
1872     12                1.5              160.8  
1873      1               -0.2               79.5  
1873      2               -2.6               25.8  
1873      3                2.8              104.7  
1873      4                2.0               94.6  
1873      5                5.3              119.2  
1873      6               10.9               82.4  
1873      7               15.1              123.2  
1873      8               13.9               57.3  
1873      9                8.7              106.8  
1873     10                6.0               76.7  
1873     11                1.5              113.7  
1873     12               -1.3               10.6  
1874      1               -1.2               15.2  
1874      2               -2.5               29.5  
1874      3               -0.2               21.6  
1874      4                5.3               59.3  
1874      5                3.7              120.1  
1874      6               11.3              165.1  
1874      7               15.5              150.1  
1874      8               11.2               72.3  
1874      9               12.1               43.2  
1874     10                7.9               40.3  
1874     11                0.0              158.8  
1874     12               -5.8              161.3  
1875      1               -0.6               99.3  
1875      2               -5.7               24.5  
1875      3               -1.1               31.7  
1875      4                4.5               39.3  
1875      5                9.9              111.4  
1875      6               11.5              127.2  
1875      7               11.6              181.3  
1875      8               14.0              195.0  
1875      9               12.0               89.9  
1875     10                4.7              187.0  
1875     11               -0.2              244.2  
1875     12               -3.7               15.7  
1876      1               -2.4               22.4  
1876      2               -1.0              113.9  
1876      3               -0.5              178.0  
1876      4                3.1              208.0  
1876      5                4.1               49.4  
1876      6               11.2              105.9  
1876      7               14.2               36.5  
1876      8               14.1              190.3  
1876      9                8.5              136.5  
1876     10                8.9                1.9  
1876     11                0.6               95.9  
1876     12                2.0               87.2  
1877      1               -0.1               61.8  
1877      2               -1.1              114.3  
1877      3               -1.6              119.3  
1877      4                3.5               53.4  
1877      5                4.8              251.2  
1877      6               14.0               88.2  
1877      7               12.3              168.5  
1877      8               13.7              132.4  
1877      9                7.8               57.0  
1877     10                3.9               65.6  
1877     11                2.5              133.6  
1877     12               -2.7               74.1  
1878      1               -4.6               40.0  
1878      2                0.6               23.2  
1878      3               -1.7               57.4  
1878      4                3.7              166.5  
1878      5                8.6              165.7  
1878      6               10.6              174.1  
1878      7               12.4              122.0  
1878      8               12.4              156.3  
1878      9                9.9               49.7  
1878     10                6.5              145.3  
1878     11               -0.9               68.3  
1878     12               -4.7              124.4  
1879      1               -2.3               90.8  
1879      2               -2.1              152.9  
1879      3                1.5               49.9  
1879      4                1.0               69.0  
1879      5                3.3              129.6  
1879      6               11.0              122.8  
1879      7               10.2              215.4  
1879      8               14.4              115.6  
1879      9                9.7              152.9  
1879     10                5.2              116.6  
1879     11               -1.9               86.2  
1879     12               -4.6               39.2  
1880      1               -3.7               26.9  
1880      2                0.4               25.7  
1880      3                4.3               13.7  
1880      4                4.2              209.1  
1880      5                6.4               20.3  
1880      6                8.7              172.3  
1880      7               14.0              131.5  
1880      8               11.8              149.3  
1880      9               10.2               97.4  
1880     10                6.0              245.4  
1880     11                1.5               39.4  
1880     12                1.6               79.1  
1881      1               -6.4               68.2  
1881      2                0.2               57.5  
1881      3                2.0               83.3  
1881      4                3.1              121.3  
1881      5                6.3               58.5  
1881      6               10.2              125.4  
1881      7               16.0               45.4  
1881      8               12.8              179.4  
1881      9                7.8              152.1  
1881     10                1.0              118.4  
1881     11                4.5               78.6  
1881     12               -1.4               56.3  
1882      1                0.9               17.7  
1882      2               -0.6               26.4  
1882      3                2.7               48.1  
1882      4                3.0               99.8  
1882      5                7.4               77.5  
1882      6                9.1              153.9  
1882      7               11.2              152.4  
1882      8               10.6              119.9  
1882      9                7.8              280.2  
1882     10                6.0              170.1  
1882     11                1.1              230.4  
1882     12               -0.3              166.8  
1883      1               -1.6               69.1  
1883      2                0.6               23.8  
1883      3               -3.6               49.4  
1883      4                3.0               44.4  
1883      5                7.6              110.3  
1883      6               10.4              107.2  
1883      7               11.6              213.9  
1883      8               12.4               55.5  
1883      9                8.6              137.1  
1883     10                5.3              123.2  
1883     11                1.6               83.9  
1883     12               -2.4               92.8  
1884      1                0.1               58.6  
1884      2                0.7               48.3  
1884      3                3.2                7.2  
1884      4                3.4               64.8  
1884      5                9.1               69.9  
1884      6                7.3               60.0  
1884      7               14.5              118.9  
1884      8               13.4              117.8  
1884      9               11.0               54.2  
1884     10                3.3               30.1  
1884     11               -0.3               17.8  
1884     12               -1.6              111.0  
1885      1               -3.9               33.9  
1885      2                1.1               88.9  
1885      3               -0.4               39.7  
1885      4                4.1               12.7  
1885      5                3.7              143.1  
1885      6               13.8               86.4  
1885      7               15.1               24.8  
1885      8               12.4               87.6  
1885      9                8.9              192.8  
1885     10                3.0              247.0  
1885     11                1.8               85.0  
1885     12               -1.0               51.1  
1886      1               -4.2               68.2  
1886      2               -3.7               38.0  
1886      3               -0.5               95.3  
1886      4                6.0               71.0  
1886      5                8.7               96.9  
1886      6                9.7              145.1  
1886      7               15.0              118.0  
1886      8               12.9               89.1  
1886      9               13.2               50.3  
1886     10                8.0              162.5  
1886     11                1.6              114.4  
1886     12               -3.8              183.2  
1887      1               -3.7               16.2  
1887      2               -3.0                1.4  
1887      3               -1.2              126.1  
1887      4                4.0               56.1  
1887      5                5.1               99.9  
1887      6               13.6               62.7  
1887      7               16.3               78.5  
1887      8               13.6              197.6  
1887      9                9.9               76.1  
1887     10                1.2               70.5  
1887     11                0.9               68.1  
1887     12               -4.3              137.3  
1888      1               -3.3               50.0  
1888      2               -4.5               65.9  
1888      3               -2.1              151.6  
1888      4                1.2              155.1  
1888      5                9.1               45.1  
1888      6               11.3              181.1  
1888      7               10.4              145.2  
1888      8               11.3               87.6  
1888      9               10.5               79.9  
1888     10                4.0              124.9  
1888     11                2.7               65.8  
1888     12                1.9                4.6  
1889      1               -3.7               21.2  
1889      2               -6.2              148.7  
1889      3               -3.0               61.9  
1889      4                1.9               43.9  
1889      5                8.7              132.3  
1889      6               12.0              294.5  
1889      7               12.1               82.3  
1889      8               11.2              103.4  
1889      9                8.4               43.2  
1889     10                4.6              196.8  
1889     11                2.6               44.7  
1889     12               -4.6               40.4  
1890      1                1.7               70.9  
1890      2               -4.5                9.2  
1890      3                0.7               21.2  
1890      4                2.5               80.4  
1890      5                8.1              128.5  
1890      6                9.6              131.0  
1890      7               10.9              104.9  
1890      8               11.5              248.0  
1890      9                9.6               41.5  
1890     10                4.6              131.0  
1890     11               -0.4              135.9  
1890     12               -4.7               32.4  
1891      1               -7.1               52.7  
1891      2               -1.6                4.2  
1891      3               -0.6               88.2  
1891      4                1.0               75.7  
1891      5                6.6              121.8  
1891      6               10.7              220.4  
1891      7               11.4              188.1  
1891      8               11.1              108.2  
1891      9               11.1               87.3  
1891     10                7.3              112.2  
1891     11                0.8              154.3  
1891     12                0.0              127.5  
1892      1               -3.0               56.5  
1892      2               -1.7               79.1  
1892      3               -2.8               75.2  
1892      4                4.5               46.2  
1892      5                7.8               47.9  
1892      6               11.0              129.2  
1892      7               12.5              240.4  
1892      8               14.4               62.8  
1892      9               11.1              106.7  
1892     10                4.9              167.3  
1892     11                4.1               41.5  
1892     12               -3.2               69.3  
1893      1               -6.9               36.2  
1893      2               -1.3               89.7  
1893      3                2.6               59.0  
1893      4                9.6                0.0  
1893      5                8.0               58.8  
1893      6               11.8               94.8  
1893      7               12.7              126.0  
1893      8               14.9               31.5  
1893      9               10.1              156.6  
1893     10                7.8               98.5  
1893     11               -0.3               74.6  
1893     12               -1.4               23.8  
1894      1               -3.3               32.9  
1894      2               -1.4               22.7  
1894      3                1.4               32.4  
1894      4                6.5               36.6  
1894      5                6.0              125.6  
1894      6                9.8               78.0  
1894      7               13.2              179.4  
1894      8               12.2               99.3  
1894      9                8.4               90.6  
1894     10                5.4              153.2  
1894     11                2.9               56.0  
1894     12               -2.5               48.0  
1895      1               -8.0              101.3  
1895      2               -8.4               43.6  
1895      3               -1.7              126.8  
1895      4                5.3               84.6  
1895      5                7.4               55.1  
1895      6               11.0               77.0  
1895      7               13.2              126.9  
1895      8               12.8              153.6  
1895      9               15.3               16.5  
1895     10                4.9              149.6  
1895     11                4.8              131.0  
1895     12               -1.4              132.8  
1896      1               -3.3               27.3  
1896      2               -0.5                8.2  
1896      3                2.6              152.8  
1896      4                1.1               75.5  
1896      5                5.9               25.4  
1896      6               10.4              193.9  
1896      7               13.1              154.6  
1896      8                9.7              137.6  
1896      9                8.6              227.6  
1896     10                3.6              185.0  
1896     11               -1.2               44.4  
1896     12               -2.2               95.3  
1897      1               -3.7               33.4  
1897      2                1.5              114.8  
1897      3                2.2               95.0  
1897      4                3.0              122.6  
1897      5                5.4               81.7  
1897      6               12.7               96.1  
1897      7               13.4               74.0  
1897      8               12.5              196.0  
1897      9                8.5              223.0  
1897     10                5.8                5.3  
1897     11                4.6               31.4  
1897     12               -1.1               74.6  
1898      1                2.4               11.7  
1898      2               -2.8              119.4  
1898      3               -1.0               66.6  
1898      4                4.2              107.4  
1898      5                5.8              131.7  
1898      6                9.5              140.2  
1898      7               11.6               41.5  
1898      8               15.6               34.4  
1898      9               13.5               30.9  
1898     10                7.6              138.0  
1898     11                4.3              102.3  
1898     12                0.2               50.0  
1899      1               -0.6              208.9  
1899      2                1.8               32.0  
1899      3                1.3               19.2  
1899      4                2.4              192.2  
1899      5                6.5               68.7  
1899      6               11.1               87.1  
1899      7               13.8               87.0  
1899      8               15.0               50.5  
1899      9                9.5              104.1  
1899     10                8.0              119.4  
1899     11                3.9               11.7  
1899     12               -2.9               86.0  
1900      1               -2.5              169.7  
1900      2                0.0              150.7  
1900      3               -3.6               53.2  
1900      4                2.8               66.5  
1900      5                6.3              108.7  
1900      6               12.2               60.1  
1900      7               14.8               56.8  
1900      8               11.6              164.8  
1900      9               12.3               48.6  
1900     10                6.8               55.2  
1900     11                1.9               82.1  
1900     12                1.9              152.4  
1901      1               -2.7               58.0  
1901      2               -7.4               80.7  
1901      3               -2.3               87.4  
1901      4                3.9              187.7  
1901      5                8.5               31.1  
1901      6               11.4              256.3  
1901      7               14.1              204.5  
1901      8               12.6              123.6  
1901      9               10.0              183.1  
1901     10                5.3               83.5  
1901     11               -1.1               39.9  
1901     12               -2.2              113.5  
1902      1               -1.5               71.2  
1902      2               -2.9              118.5  
1902      3                0.7              160.5  
1902      4                6.0               82.3  
1902      5                2.9              162.2  
1902      6                9.4               59.5  
1902      7               13.8               74.1  
1902      8               11.6              210.0  
1902      9                9.7               46.3  
1902     10                4.7              105.8  
1902     11                1.3               91.6  
1902     12               -1.9              116.4  
1903      1               -1.2               81.9  
1903      2                1.1               51.7  
1903      3                1.7               93.4  
1903      4               -0.5               95.3  
1903      5                7.7               88.6  
1903      6                9.4               68.0  
1903      7               11.6              119.3  
1903      8               12.2              167.7  
1903      9               10.4               39.3  
1903     10                6.4              152.7  
1903     11                0.9               89.3  
1903     12               -2.3               91.1  
1904      1               -2.9               45.8  
1904      2               -2.7              199.1  
1904      3                0.1               46.9  
1904      4                5.0               89.5  
1904      5                9.1              152.4  
1904      6               12.2               76.6  
1904      7               16.4               26.8  
1904      8               13.8              100.9  
1904      9                7.3              106.3  
1904     10                5.8               52.2  
1904     11                1.4               30.9  
1904     12               -0.9               25.8  
1905      1               -5.3               52.7  
1905      2               -3.1               20.5  
1905      3                0.4              139.8  
1905      4                3.2              105.6  
1905      5                5.3               72.2  
1905      6               11.2              152.4  
1905      7               15.7               53.8  
1905      8               13.0              223.3  
1905      9                8.9              166.1  
1905     10                0.2              124.7  
1905     11               -0.1              195.7  
1905     12               -1.7               49.6  
1906      1               -3.6              111.3  
1906      2               -5.1              150.8  
1906      3               -2.5              108.7  
1906      4                2.5               60.2  
1906      5                7.6              137.9  
1906      6               10.0               56.7  
1906      7               13.2               84.7  
1906      8               14.0               31.1  
1906      9                9.8               29.3  
1906     10                8.9               77.6  
1906     11                3.0              196.6  
1906     12               -5.3              121.3  
1907      1               -4.0               80.1  
1907      2               -5.3               58.8  
1907      3               -0.9               80.5  
1907      4                1.6               78.7  
1907      5                8.4               75.6  
1907      6               10.0              118.4  
1907      7               10.8               85.8  
1907      8               13.4               95.3  
1907      9               11.1               53.4  
1907     10                7.0              103.1  
1907     11                3.7               21.0  
1907     12                0.6              144.4  
1908      1               -2.0               46.7  
1908      2               -2.7              109.6  
1908      3               -1.7               59.2  
1908      4                1.2               65.7  
1908      5                9.5              120.5  
1908      6               12.8              161.8  
1908      7               12.8              136.2  
1908      8               10.8              121.2  
1908      9                9.2              119.9  
1908     10                7.6               20.8  
1908     11                1.4               85.8  
1908     12               -1.1               51.9  
1909      1               -3.9               47.0  
1909      2               -6.0               58.2  
1909      3               -2.6               83.7  
1909      4                5.4               80.7  
1909      5                7.1               36.3  
1909      6                8.4              196.6  
1909      7               10.1              120.4  
1909      8               12.0              121.4  
1909      9                8.8              111.4  
1909     10                7.2              166.7  
1909     11               -0.9               70.9  
1909     12               -0.5              194.8  
1910      1               -2.0              183.5  
1910      2               -1.9               96.7  
1910      3                0.5               16.4  
1910      4                2.2               71.8  
1910      5                5.9               90.7  
1910      6               10.7              246.5  
1910      7               10.4              198.1  
1910      8               11.6              100.3  
1910      9                7.6               67.3  
1910     10                7.4               34.5  
1910     11               -0.5              215.2  
1910     12                1.3              137.8  
1911      1               -4.2               13.7  
1911      2               -2.1               66.9  
1911      3                0.6               78.8  
1911      4                2.6               37.2  
1911      5                8.0               71.2  
1911      6               10.5              163.2  
1911      7               16.3               18.7  
1911      8               16.4              185.3  
1911      9               12.8               99.1  
1911     10                6.3              108.5  
1911     11                3.6              107.0  
1911     12                0.8              113.6  
1912      1               -0.4               63.9  
1912      2                2.2               68.7  
1912      3                2.4              133.9  
1912      4                2.7               17.6  
1912      5                8.7               97.4  
1912      6               10.5              111.4  
1912      7               12.4              146.2  
1912      8                8.9              197.1  
1912      9                4.7               40.0  
1912     10                4.5              169.8  
1912     11               -1.5               73.9  
1912     12                1.5               52.8  
1913      1                0.2              117.7  
1913      2               -1.6               50.0  
1913      3                2.9               88.1  
1913      4                3.1               73.0  
1913      5                7.2               77.3  
1913      6               10.3               43.2  
1913      7                9.7              109.5  
1913      8               11.9              130.6  
1913      9                9.3              132.9  
1913     10                8.1               40.8  
1913     11                3.9              137.3  
1913     12               -1.2               32.5  
1914      1               -6.4               60.2  
1914      2                2.0               26.8  
1914      3                0.0              236.2  
1914      4                6.0               84.7  
1914      5                5.0              149.2  
1914      6                9.3               76.6  
1914      7               10.9              176.6  
1914      8               12.8              176.7  
1914      9                9.2              113.1  
1914     10                5.5               34.5  
1914     11                0.8               72.2  
1914     12                0.1              171.1  
1915      1               -4.4              144.2  
1915      2               -3.1              110.7  
1915      3               -1.2               91.9  
1915      4                2.0              109.4  
1915      5                9.7              125.1  
1915      6               12.7               89.3  
1915      7               11.7              144.8  
1915      8               10.9              101.1  
1915      9                8.5               86.9  
1915     10                3.3               36.9  
1915     11               -0.9              150.3  
1915     12                2.6              163.1  
1916      1                0.8               68.0  
1916      2               -1.8              125.8  
1916      3                0.3               79.1  
1916      4                3.6              105.2  
1916      5                8.3               71.9  
1916      6                7.9              196.5  
1916      7               11.8              229.1  
1916      8               12.2               86.9  
1916      9                8.0               85.2  
1916     10                6.1              116.9  
1916     11                1.9              154.6  
1916     12               -0.6              207.9  
1917      1               -6.4               60.8  
1917      2               -4.1               19.7  
1917      3               -2.6              116.4  
1917      4               -0.5               77.0  
1917      5               11.0               91.6  
1917      6               13.2              102.4  
1917      7               12.4              160.5  
1917      8               11.2              217.3  
1917      9               12.6               38.0  
1917     10                3.1              231.0  
1917     11                1.5               98.6  
1917     12               -4.5               30.4  
1918      1               -0.2               52.7  
1918      2                0.0               30.8  
1918      3                0.9               56.5  
1918      4                3.2              126.2  
1918      5                9.3               82.5  
1918      6                8.6              179.6  
1918      7               12.8               45.5  
1918      8               12.6               70.8  
1918      9                9.9              230.0  
1918     10                4.4               34.3  
1918     11                1.6              103.7  
1918     12                1.9              241.8  
1919      1               -3.4               50.9  
1919      2               -3.2              168.3  
1919      3               -0.7              146.9  
1919      4                0.3              124.2  
1919      5                7.6               45.9  
1919      6               11.0               62.2  
1919      7                9.3              138.3  
1919      8               14.7               39.6  
1919      9               12.5               33.8  
1919     10                2.0               50.5  
1919     11               -1.2              181.8  
1919     12               -0.4              283.1  
1920      1                0.2              158.4  
1920      2                1.8                9.0  
1920      3                3.3               55.8  
1920      4                3.8              106.3  
1920      5               10.0               87.6  
1920      6               10.2              117.7  
1920      7               13.5              113.8  
1920      8               10.6               85.9  
1920      9               10.1              132.6  
1920     10                6.1               34.1  
1920     11                2.7                4.9  
1920     12               -1.0               57.6  
1921      1                0.8               62.5  
1921      2               -1.5                5.0  
1921      3                2.8               23.4  
1921      4                2.9               59.7  
1921      5                8.9              126.9  
1921      6               11.0              152.0  
1921      7               16.4               19.7  
1921      8               12.8              174.4  
1921      9               12.4               88.6  
1921     10               10.4               17.4  
1921     11                1.4               66.1  
1921     12               -0.2               58.7  
1922      1               -3.9              146.0  
1922      2               -1.8               96.3  
1922      3                1.5               82.4  
1922      4                1.1              234.8  
1922      5               10.8               43.7  
1922      6               11.1               85.1  
1922      7               11.2              125.7  
1922      8               11.9               96.5  
1922      9                8.7              132.1  
1922     10                3.4               94.6  
1922     11               -0.5              116.3  
1922     12               -1.6              190.1  
1923      1               -3.6               42.0  
1923      2               -0.1              126.7  
1923      3                0.9               76.2  
1923      4                4.3               81.9  
1923      5                7.0              169.4  
1923      6                7.3               71.5  
1923      7               17.1               37.6  
1923      8               14.0               63.0  
1923      9                8.5              130.7  
1923     10                8.1              224.1  
1923     11                0.9              162.2  
1923     12               -3.4              178.6  
1924      1               -2.5               35.8  
1924      2               -5.4               29.8  
1924      3               -0.1               63.1  
1924      4                3.8              134.6  
1924      5                9.2              216.8  
1924      6               11.0              141.9  
1924      7               13.3              111.6  
1924      8                9.4               87.7  
1924      9               10.7              133.1  
1924     10                6.8              156.5  
1924     11                3.6               22.1  
1924     12                1.8               23.1  
1925      1                0.9               40.5  
1925      2               -0.7               88.7  
1925      3               -3.0               38.7  
1925      4                4.1              144.6  
1925      5                8.3              116.2  
1925      6               12.1               71.2  
1925      7               13.0              118.5  
1925      8               12.3              146.0  
1925      9                7.9              154.2  
1925     10                7.4               34.3  
1925     11               -0.2               57.2  
1925     12               -1.5              148.6  
1926      1               -2.2              122.1  
1926      2                3.5               54.4  
1926      3                1.0               84.6  
1926      4                5.2               87.8  
1926      5                6.0              138.7  
1926      6                8.3              166.4  
1926      7               12.9              138.4  
1926      8               13.6               45.8  
1926      9               13.5               81.0  
1926     10                6.6              197.2  
1926     11                4.1               71.7  
1926     12               -2.9               34.3  
1927      1               -1.6               89.6  
1927      2               -1.3               60.6  
1927      3                0.8               95.5  
1927      4                4.2               95.7  
1927      5                8.9               77.4  
1927      6               10.4              155.1  
1927      7               12.9              168.5  
1927      8               11.8              243.3  
1927      9               10.8              173.3  
1927     10                6.3               33.4  
1927     11                3.7               87.2  
1927     12               -1.4               74.7  
1928      1               -0.8               67.6  
1928      2                0.5               79.8  
1928      3                1.9               62.4  
1928      4                4.7               64.6  
1928      5                5.9              113.7  
1928      6               11.6               89.3  
1928      7               17.4               16.9  
1928      8               15.1              128.8  
1928      9               10.4               99.0  
1928     10                6.9              183.0  
1928     11                3.5              200.8  
1928     12               -2.0               67.3  
1929      1               -5.3               25.5  
1929      2               -6.5               25.2  
1929      3                2.5                6.2  
1929      4                2.1               82.5  
1929      5                8.7              111.2  
1929      6               12.0              151.8  
1929      7               15.7              101.8  
1929      8               13.1               78.6  
1929      9               14.7               23.8  
1929     10                7.4               97.0  
1929     11                3.0               68.6  
1929     12                0.5              129.4  
1930      1                1.7               65.2  
1930      2               -3.3               47.6  
1930      3                1.9               75.2  
1930      4                4.7              101.8  
1930      5                6.9              127.7  
1930      6               14.3               71.4  
1930      7               13.0              218.7  
1930      8               12.9               94.6  
1930      9               11.5              140.6  
1930     10                6.2              206.4  
1930     11                4.4              134.8  
1930     12               -1.8               81.1  
1931      1               -3.4              118.3  
1931      2               -4.5               58.4  
1931      3               -0.3              132.1  
1931      4                3.2               72.3  
1931      5               10.1               70.5  
1931      6               13.7              114.7  
1931      7               12.9              188.5  
1931      8               10.7              296.7  
1931      9                6.0               95.1  
1931     10                5.9              102.3  
1931     11                3.8               26.8  
1931     12               -3.9               52.0  
1932      1                0.3               50.6  
1932      2               -6.3                3.8  
1932      3               -1.3              124.4  
1932      4                1.2               53.0  
1932      5                6.0              185.7  
1932      6                9.4              122.5  
1932      7               12.9              214.1  
1932      8               16.6               92.9  
1932      9               12.6              124.4  
1932     10                5.1              189.3  
1932     11                3.7               23.0  
1932     12                2.8               21.5  
1933      1               -4.3               20.7  
1933      2               -2.4               61.2  
1933      3                1.9               79.2  
1933      4                6.1               48.2  
1933      5                6.3              148.5  
1933      6                8.5              167.1  
1933      7               14.0               96.3  
1933      8               14.0               68.3  
1933      9               11.1              127.9  
1933     10                7.2              127.9  
1933     11                0.4               47.7  
1933     12               -4.9               28.6  
1934      1               -2.3               87.9  
1934      2               -1.7               20.9  
1934      3               -0.1              131.3  
1934      4                6.6               35.4  
1934      5                9.9               35.7  
1934      6               11.8              131.8  
1934      7               14.7               88.6  
1934      8               11.7              147.2  
1934      9               12.2               51.9  
1934     10                6.5               96.6  
1934     11                1.7               41.7  
1934     12                2.9               98.2  
1935      1               -5.4               90.4  
1935      2               -2.1              203.0  
1935      3               -0.3               87.3  
1935      4                2.6              128.0  
1935      5                6.6               86.9  
1935      6               13.3               79.8  
1935      7               14.7              139.9  
1935      8               12.6              147.2  
1935      9               11.1              137.2  
1935     10                5.2              162.3  
1935     11                3.1               68.7  
1935     12               -2.9              191.1  
1936      1                0.7              152.7  
1936      2               -1.3               89.7  
1936      3                3.0               30.7  
1936      4                2.9              100.4  
1936      5                8.7               43.7  
1936      6               10.7              105.4  
1936      7               11.6              207.7  
1936      8               12.8              113.7  
1936      9                9.9              160.8  
1936     10                2.5               71.7  
1936     11                1.7              125.6  
1936     12                0.6               88.9  
1937      1                0.1               76.0  
1937      2               -0.1              190.6  
1937      3               -1.1              181.2  
1937      4                3.2               99.2  
1937      5                9.7              138.7  
1937      6               11.6              164.9  
1937      7               13.6               57.3  
1937      8               13.8               95.7  
1937      9               10.2              184.0  
1937     10                7.2               35.5  
1937     11                2.0               84.0  
1937     12               -3.1               72.3  
1938      1               -1.8              118.7  
1938      2               -2.0               49.6  
1938      3                4.9               16.6  
1938      4                1.4               13.1  
1938      5                6.3               68.4  
1938      6               12.7              160.0  
1938      7               12.4              223.6  
1938      8               12.7              133.7  
1938      9               11.2               65.5  
1938     10                6.3               57.0  
1938     11                5.9               72.6  
1938     12               -2.6               95.2  
1939      1               -0.9              147.8  
1939      2                0.1               18.1  
1939      3               -1.9              113.2  
1939      4                4.6              129.5  
1939      5                4.5              187.1  
1939      6               11.7              157.3  
1939      7               12.0              153.1  
1939      8               13.0               95.3  
1939      9                9.2              107.3  
1939     10                4.6              269.8  
1939     11                3.9              176.1  
1939     12               -1.5               48.3  
1940      1               -4.9               67.9  
1940      2               -0.3               88.1  
1940      3                1.4               96.5  
1940      4                4.1              116.4  
1940      5                8.0               61.4  
1940      6               10.5               88.4  
1940      7               11.8              137.3  
1940      8               11.4               81.2  
1940      9               10.5              249.4  
1940     10                6.1               79.9  
1940     11                2.5              188.5  
1940     12               -4.8              100.4  
1941      1               -4.2               84.0  
1941      2               -1.5              127.6  
1941      3                1.4               81.4  
1941      4                2.4               91.8  
1941      5                4.1              110.6  
1941      6               11.9              114.6  
1941      7               14.7               55.7  
1941      8               11.2              124.5  
1941      9               10.5               22.3  
1941     10                5.5              110.3  
1941     11                1.9               78.6  
1941     12               -1.3               34.5  
1942      1               -6.2               99.5  
1942      2               -5.2               25.7  
1942      3                3.4               62.0  
1942      4                4.3               57.2  
1942      5                8.6               91.3  
1942      6               11.8              151.6  
1942      7               13.1               97.0  
1942      8               13.5               96.7  
1942      9               12.1              222.2  
1942     10                9.5               99.9  
1942     11               -0.3               52.0  
1942     12                0.5               37.0  
1943      1               -0.8              136.5  
1943      2                0.0               59.5  
1943      3                3.7               39.9  
1943      4                6.0               68.0  
1943      5                9.2              113.1  
1943      6               10.5               84.2  
1943      7               14.3              101.6  
1943      8               14.9               40.7  
1943      9               11.0              168.6  
1943     10                9.0                6.5  
1943     11                0.0              116.4  
1943     12               -0.2               27.3  
1944      1                0.5               55.2  
1944      2               -4.8               83.1  
1944      3               -2.1               39.8  
1944      4                5.9               35.6  
1944      5                8.1               26.0  
1944      6               10.0               83.9  
1944      7               13.2               97.6  
1944      8               16.9              116.1  
1944      9                9.4              132.1  
1944     10                4.5              104.7  
1944     11                1.0              264.6  
1944     12               -2.4              117.2  
1945      1               -6.7              103.3  
1945      2                1.7              101.7  
1945      3                3.0               72.2  
1945      4                6.2               47.3  
1945      5               10.7               79.4  
1945      6               13.9               65.2  
1945      7               15.0               57.0  
1945      8               12.2              158.9  
1945      9               11.2               84.2  
1945     10                7.0               42.8  
1945     11                1.5               39.6  
1945     12               -1.1              142.8  
1946      1               -3.1               61.5  
1946      2                0.0              123.6  
1946      3                2.6               38.4  
1946      4                7.6               28.0  
1946      5                8.8              161.7  
1946      6               10.1              224.4  
1946      7               14.3               71.0  
1946      8               12.5              186.1  
1946      9               11.1              152.1  
1946     10                5.6               50.8  
1946     11                1.8               66.0  
1946     12               -3.5               86.3  
1947      1               -5.4               83.2  
1947      2               -3.2               61.2  
1947      3                2.0              181.7  
1947      4                7.2               35.3  
1947      5               10.3               51.4  
1947      6               13.4               91.4  
1947      7               15.7              111.4  
1947      8               16.3               46.8  
1947      9               13.7               45.0  
1947     10                7.4               50.2  
1947     11                3.9              153.3  
1947     12               -1.5              157.1  
1948      1                0.0              223.5  
1948      2               -1.9               51.9  
1948      3                6.1               14.3  
1948      4                5.0               94.2  
1948      5                9.1              141.2  
1948      6               10.7               99.5  
1948      7               10.8              226.3  
1948      8               12.7              177.2  
1948      9               10.4              112.1  
1948     10                6.9               83.5  
1948     11                5.0               59.2  
1948     12                0.7               30.7  
1949      1               -1.0               98.3  
1949      2               -0.5               17.4  
1949      3               -0.7               82.6  
1949      4                7.8               95.4  
1949      5                6.2              109.6  
1949      6               11.3               58.9  
1949      7               16.1               28.1  
1949      8               14.6               57.9  
1949      9               14.5               61.8  
1949     10                8.9               82.2  
1949     11                0.6              104.9  
1949     12                0.8               93.2  
1950      1               -2.3               72.3  
1950      2                0.7              117.9  
1950      3                2.5               13.5  
1950      4                2.3               94.1  
1950      5                9.8              198.1  
1950      6               14.4              110.3  
1950      7               15.8               77.1  
1950      8               13.7              181.6  
1950      9                9.7              126.9  
1950     10                6.3               52.8  
1950     11                1.7              517.0  
1950     12               -3.8               68.5  
1951      1               -1.2              119.1  
1951      2               -1.2              130.7  
1951      3               -0.7              123.2  
1951      4                3.9               69.2  
1951      5                7.2               92.8  
1951      6               11.1              152.9  
1951      7               13.6              136.9  
1951      8               12.6              149.5  
1951      9               11.5               90.4  
1951     10                6.2               52.8  
1951     11                3.6              147.7  
1951     12                1.5               53.1  
1952      1               -3.2              146.2  
1952      2               -3.0              115.7  
1952      3                2.4              113.1  
1952      4                6.3               77.1  
1952      5                9.1               52.8  
1952      6               13.1               73.9  
1952      7               17.2               33.9  
1952      8               14.8              150.1  
1952      9                7.0              150.2  
1952     10                5.3              206.4  
1952     11                0.3              230.9  
1952     12               -2.1              178.0  
1953      1               -4.2               17.4  
1953      2               -3.0               78.0  
1953      3                2.8                4.5  
1953      4                5.3               67.3  
1953      5               10.2              128.9  
1953      6               10.1              200.8  
1953      7               13.4               93.7  
1953      8               13.5               56.9  
1953      9               11.4              125.9  
1953     10                8.1               36.8  
1953     11                4.5               42.4  
1953     12                3.2               40.2  
1954      1               -5.2               95.1  
1954      2               -3.4               89.7  
1954      3                2.5               75.2  
1954      4                2.3               95.0  
1954      5                7.2               57.7  
1954      6               11.7               60.0  
1954      7               11.2               64.4  
1954      8               11.9              253.7  
1954      9               10.5              172.4  
1954     10                7.4               74.8  
1954     11                3.7               75.2  
1954     12                0.8              162.0  
1955      1                0.3              228.8  
1955      2               -2.3              149.9  
1955      3               -1.1               47.5  
1955      4                5.0               21.6  
1955      5                6.8              161.9  
1955      6               11.3              159.7  
1955      7               13.2              147.1  
1955      8               12.5              150.7  
1955      9                9.9               69.7  
1955     10                5.0               42.7  
1955     11                1.2               35.9  
1955     12                2.4              161.3  
1956      1               -1.1              105.2  
1956      2              -11.5               19.1  
1956      3                1.1               70.3  
1956      4                2.2              129.6  
1956      5                9.0              120.4  
1956      6                8.7               70.1  
1956      7               12.4              299.1  
1956      8               10.4              237.1  
1956      9               12.1               95.0  
1956     10                5.3              122.4  
1956     11               -0.6               51.8  
1956     12                0.3               41.0  
1957      1               -1.7               68.9  
1957      2                1.5              183.9  
1957      3                5.6               36.3  
1957      4                4.9               63.7  
1957      5                5.0               82.0  
1957      6               12.1              166.1  
1957      7               13.7              140.7  
1957      8               11.7              105.1  
1957      9               10.0              135.4  
1957     10                7.3               20.6  
1957     11                2.6               42.8  
1957     12               -1.2               49.2  
1958      1               -2.0              124.2  
1958      2                1.0              195.7  
1958      3               -2.1               70.9  
1958      4                1.3               53.2  
1958      5               10.2              101.7  
1958      6               10.4              129.1  
1958      7               13.3               83.5  
1958      8               13.6              100.7  
1958      9               12.5               65.1  
1958     10                5.5              127.3  
1958     11                1.2               60.3  
1958     12                0.1              115.1  
1959      1               -2.4              147.3  
1959      2                1.9                3.7  
1959      3                4.0              107.2  
1959      4                5.1              139.9  
1959      5                9.0               39.1  
1959      6               11.6              133.8  
1959      7               15.7               84.7  
1959      8               13.1              102.9  
1959      9               12.4               28.2  
1959     10                6.9               90.9  
1959     11                1.7               59.3  
1959     12                0.3              187.9  
1960      1               -2.5               87.8  
1960      2               -0.5              100.0  
1960      3                2.7               74.6  
1960      4                4.0               27.7  
1960      5                9.8               96.7  
1960      6               12.4              107.1  
1960      7               11.0              142.0  
1960      8               11.9              193.7  
1960      9                8.5              158.0  
1960     10                5.5              120.0  
1960     11                3.0              115.4  
1960     12               -2.1               72.8  
1961      1               -2.3              117.8  
1961      2                2.5              102.5  
1961      3                3.6               25.9  
1961      4                6.9              109.1  
1961      5                6.5               52.9  
1961      6               11.9              181.8  
1961      7               11.8              142.1  
1961      8               12.5              118.8  
1961      9               14.8               23.6  
1961     10                7.8              111.0  
1961     11                2.1               56.8  
1961     12                0.1              152.4  
1962      1               -1.2              120.1  
1962      2               -3.3               82.9  
1962      3               -2.7              144.4  
1962      4                3.8               94.2  
1962      5                5.7              116.5  
1962      6               10.6               23.2  
1962      7               12.5               62.2  
1962      8               14.8               54.2  
1962      9               10.3               58.8  
1962     10                7.4               17.7  
1962     11                0.3               50.2  
1962     12               -4.4              190.2  
1963      1               -7.5               57.9  
1963      2               -6.4               57.1  
1963      3               -0.2              137.6  
1963      4                4.8               68.2  
1963      5                7.0               56.3  
1963      6               10.7              188.4  
1963      7               14.3               78.4  
1963      8               11.2              209.3  
1963      9               10.8              147.0  
1963     10                6.8               54.9  
1963     11                4.5              179.2  
1963     12               -1.9                7.5  
1964      1               -2.5               19.0  
1964      2                0.2               24.7  
1964      3               -0.2              107.5  
1964      4                5.5               58.0  
1964      5               10.0               85.1  
1964      6               12.7               92.7  
1964      7               16.0               38.7  
1964      8               13.0              125.9  
1964      9               11.4               74.6  
1964     10                4.0               80.6  
1964     11                2.2               71.4  
1964     12               -1.7               38.8  
1965      1               -1.7              105.9  
1965      2               -5.6               52.8  
1965      3                0.6              138.9  
1965      4                2.4              103.5  
1965      5                7.2              127.2  
1965      6               12.1               93.9  
1965      7               11.8              187.2  
1965      8               12.0              113.4  
1965      9                8.3              202.4  
1965     10                7.6               42.3  
1965     11                1.0              172.8  
1965     12               -0.1              225.6  
1966      1               -4.0              116.1  
1966      2                3.0              117.3  
1966      3               -0.4              123.7  
1966      4                5.5              110.2  
1966      5                8.8              118.4  
1966      6               12.6               50.1  
1966      7               11.6               78.8  
1966      8               11.6              173.6  
1966      9               12.0               52.1  
1966     10                8.8               84.3  
1966     11               -0.4               91.3  
1966     12               -1.4              171.4  
1967      1               -2.3               66.8  
1967      2               -0.2               61.1  
1967      3                2.1              113.4  
1967      4                3.2               28.8  
1967      5                7.5              114.3  
1967      6               10.7               68.9  
1967      7               15.6               85.9  
1967      8               13.0              122.1  
1967      9               10.0              112.1  
1967     10                9.4               66.5  
1967     11                3.3              178.9  
1967     12               -3.3               89.3  
1968      1               -3.2              176.8  
1968      2               -1.1               70.0  
1968      3                1.3               65.0  
1968      4                5.7               92.9  
1968      5                6.9               93.0  
1968      6               11.0               42.6  
1968      7               12.9              207.6  
1968      8               11.2              278.5  
1968      9                9.1              212.8  
1968     10                9.4               44.9  
1968     11                2.3               58.2  
1968     12               -2.3              115.7  
1969      1               -0.8               49.2  
1969      2               -4.5               88.9  
1969      3                0.6              102.4  
1969      4                3.4              141.6  
1969      5                9.0               98.8  
1969      6                9.1              147.8  
1969      7               14.5              181.4  
1969      8               12.2              118.6  
1969      9               11.2              126.2  
1969     10                9.4                2.8  
1969     11                1.9              129.5  
1969     12               -6.2               74.0  
1970      1               -1.1               74.7  
1970      2               -3.1              286.1  
1970      3               -2.4              126.4  
1970      4                1.1              172.9  
1970      5                6.9               84.7  
1970      6               12.6              124.5  
1970      7               13.0               60.2  
1970      8               13.5              144.2  
1970      9               11.7               64.5  
1970     10                6.7               81.9  
1970     11                4.4              138.4  
1970     12               -2.1               55.8  
1971      1               -1.0               79.3  
1971      2               -1.9               49.2  
1971      3               -3.3               53.5  
1971      4                6.9               23.4  
1971      5                9.8               62.0  
1971      6                9.4              151.1  
1971      7               15.3               66.3  
1971      8               14.3              193.0  
1971      9                9.9               51.5  
1971     10                8.2               26.3  
1971     11                0.4              120.1  
1971     12                2.1               35.1  
1972      1               -1.5               30.5  
1972      2                1.0               37.3  
1972      3                3.3               43.6  
1972      4                2.8               86.4  
1972      5                6.6               85.8  
1972      6                9.6              167.4  
1972      7               12.8               87.6  
1972      8               12.2               73.9  
1972      9                7.3               22.2  
1972     10                5.5               44.4  
1972     11                2.8              221.4  
1972     12                1.1               60.5  
1973      1               -2.2               59.9  
1973      2               -3.6              101.5  
1973      3               -0.2               15.1  
1973      4                0.6              102.1  
1973      5                8.7              134.5  
1973      6               11.7              126.3  
1973      7               12.9              155.4  
1973      8               15.2               63.0  
1973      9               11.7               53.1  
1973     10                5.6              116.5  
1973     11                2.1               94.8  
1973     12               -1.1               79.0  
1974      1                0.7               76.3  
1974      2               -0.5               99.0  
1974      3                3.2               67.7  
1974      4                4.6               27.1  
1974      5                6.9              136.6  
1974      6                9.9              152.8  
1974      7               13.0               53.4  
1974      8               14.3               68.5  
1974      9                9.4              134.9  
1974     10                0.2              205.7  
1974     11                1.3              143.8  
1974     12                0.8              124.1  
1975      1                1.6              134.2  
1975      2                0.4                7.5  
1975      3               -0.8               84.2  
1975      4                3.1               78.0  
1975      5                7.7               69.8  
1975      6                9.8              122.8  
1975      7               13.8               99.5  
1975      8               13.8              205.4  
1975      9               12.0              177.2  
1975     10                5.7               31.5  
1975     11                1.1              186.9  
1975     12               -1.6               26.9  
1976      1               -1.7               59.6  
1976      2                0.8               52.3  
1976      3                0.1               41.2  
1976      4                3.9               34.5  
1976      5                9.1               56.2  
1976      6               14.5               20.4  
1976      7               15.0              120.1  
1976      8               12.6               61.0  
1976      9                8.7              115.0  
1976     10                7.7               99.8  
1976     11                1.1               77.2  
1976     12               -2.2              142.1  
1977      1               -1.5              129.7  
1977      2                0.9              197.5  
1977      3                3.8               53.9  
1977      4                1.9              186.6  
1977      5                7.1               73.0  
1977      6               10.2              178.2  
1977      7               12.7              248.9  
1977      8               11.8              151.5  
1977      9                9.2               14.9  
1977     10                9.0               79.9  
1977     11                1.2              136.3  
1977     12                0.8              115.6  
1978      1               -2.3              110.2  
1978      2               -2.1              150.1  
1978      3                1.2              159.1  
1978      4                2.5               71.8  
1978      5                6.3              144.1  
1978      6               10.1              107.6  
1978      7               12.5              145.0  
1978      8               11.8              176.8  
1978      9               10.3               56.8  
1978     10                6.9               34.0  
1978     11                3.2               10.2  
1978     12                0.3              196.4  
1979      1               -4.7              126.6  
1979      2               -0.9              134.0  
1979      3                1.1              160.7  
1979      4                2.0               60.8  
1979      5                7.8               99.5  
1979      6               11.9               90.5  
1979      7               13.6               39.9  
1979      8               11.9              123.5  
1979      9               10.6               69.8  
1979     10                8.6              134.5  
1979     11                1.6              153.2  
1979     12                1.0              172.7  
1980      1               -3.6              122.2  
1980      2                0.6               76.1  
1980      3                0.9              124.1  
1980      4                1.7               55.7  
1980      5                6.3              119.4  
1980      6                9.1              183.6  
1980      7               11.1              135.1  
1980      8               13.7               96.1  
1980      9               12.1               42.1  
1980     10                5.7              152.2  
1980     11                0.8               56.1  
1980     12               -2.2               90.7  
1981      1               -3.7              132.1  
1981      2               -3.5               60.5  
1981      3                3.5              136.5  
1981      4                5.5               15.2  
1981      5                7.5              171.7  
1981      6               11.3               63.0  
1981      7               12.5              126.4  
1981      8               14.2               36.9  
1981      9               10.9              132.2  
1981     10                5.8              237.8  
1981     11                2.5               76.4  
1981     12               -2.5              258.8  
1982      1                0.3              123.7  
1982      2               -0.5               37.1  
1982      3               -0.2              121.6  
1982      4                3.4               12.0  
1982      5                8.7               74.7  
1982      6               12.3              154.6  
1982      7               15.3              109.6  
1982      8               12.8              140.9  
1982      9               12.6               62.2  
1982     10                6.2              149.4  
1982     11                3.5              116.0  
1982     12                0.1              178.6  
1983      1                0.8              124.1  
1983      2               -4.5              114.2  
1983      3                1.4              105.8  
1983      4                4.0              144.7  
1983      5                5.3              217.5  
1983      6               12.3               73.0  
1983      7               18.4               16.2  
1983      8               14.2              150.3  
1983      9               10.9              115.4  
1983     10                6.7               54.3  
1983     11                2.3              125.1  
1983     12                0.2               72.4  
1984      1               -2.0              241.9  
1984      2               -3.9              147.1  
1984      3               -1.2               82.6  
1984      4                2.8               30.5  
1984      5                4.9              136.6  
1984      6               11.0               63.4  
1984      7               14.1               41.8  
1984      8               13.2               73.7  
1984      9                9.1              224.5  
1984     10                7.5               93.9  
1984     11                5.9               87.9  
1984     12                0.7               64.8  
1985      1               -6.8              117.1  
1985      2               -1.8               81.7  
1985      3               -0.8               66.8  
1985      4                4.2              138.5  
1985      5                7.8              195.4  
1985      6                9.7              139.1  
1985      7               15.0               68.8  
1985      8               13.4               73.3  
1985      9               12.8               34.6  
1985     10                8.3                8.5  
1985     11               -1.8               75.8  
1985     12                2.2               52.3  
1986      1               -2.5              213.2  
1986      2               -6.8               58.0  
1986      3                0.7               89.8  
1986      4                1.4              166.4  
1986      5               10.1               78.7  
1986      6               11.8               77.5  
1986      7               13.8               76.9  
1986      8               13.1              104.4  
1986      9               10.8               43.0  
1986     10                8.4              111.7  
1986     11                3.6               55.0  
1986     12               -0.1              163.7  
1987      1               -6.1               89.1  
1987      2               -1.2               82.2  
1987      3               -2.3               97.6  
1987      4                5.8               67.7  
1987      5                5.6              125.3  
1987      6               10.1              230.0  
1987      7               14.3              181.9  
1987      8               14.2               74.8  
1987      9               13.9              209.5  
1987     10                8.5               87.3  
1987     11                2.6              114.5  
1987     12                2.0               60.8  
1988      1                1.3              150.8  
1988      2               -1.7              174.6  
1988      3               -0.6              256.9  
1988      4                5.3               46.5  
1988      5                9.6               90.5  
1988      6               11.4               76.8  
1988      7               14.0              102.2  
1988      8               14.6              140.6  
1988      9               10.4              131.6  
1988     10                8.4              151.1  
1988     11                1.3               57.3  
1988     12                0.8              156.6  
1989      1                1.0               26.5  
1989      2                2.2              117.6  
1989      3                4.2               70.1  
1989      4                3.0              139.8  
1989      5               10.4               48.5  
1989      6               10.9               88.1  
1989      7               15.1               75.1  
1989      8               14.2               72.5  
1989      9               10.9               35.9  
1989     10                8.2               74.4  
1989     11                2.7               75.2  
1989     12                2.5               92.3  
1990      1                0.8               47.2  
1990      2                3.8              238.2  
1990      3                3.9               44.9  
1990      4                3.2              109.3  
1990      5               10.8               85.2  
1990      6               11.1              233.8  
1990      7               14.9               69.2  
1990      8               15.4               92.4  
1990      9               10.3              100.3  
1990     10                8.8              120.1  
1990     11                1.4              162.8  
1990     12               -2.2              121.4  
1991      1               -1.3               84.7  
1991      2               -2.3               49.5  
1991      3                4.3              100.4  
1991      4                3.9               66.8  
1991      5                5.9               56.2  
1991      6               10.6              153.9  
1991      7               15.5               75.5  
1991      8               16.3               42.7  
1991      9               13.2              107.5  
1991     10                6.2               86.4  
1991     11                2.3              118.8  
1991     12               -1.0              155.7  
1992      1               -1.0               25.6  
1992      2                0.2               96.5  
1992      3                2.6               92.1  
1992      4                4.7              122.3  
1992      5               10.7               64.9  
1992      6               11.4              145.5  
1992      7               14.8              128.3  
1992      8               16.7               81.9  
1992      9               11.0               68.9  
1992     10                4.3              177.2  
1992     11                4.7              231.1  
1992     12                0.2              107.9  
1993      1                1.5               59.6  
1993      2               -0.4               42.8  
1993      3                1.2               27.7  
1993      4                6.3              100.9  
1993      5                9.8               85.8  
1993      6               12.5              134.2  
1993      7               13.1              120.5  
1993      8               14.2              167.8  
1993      9                9.3              202.6  
1993     10                5.1              170.3  
1993     11               -0.1               40.5  
1993     12                0.8              232.6  
1994      1               -0.2              123.2  
1994      2               -0.1               92.4  
1994      3                5.4               67.4  
1994      4                2.6              160.0  
1994      5                9.3              172.4  
1994      6               12.8               76.0  
1994      7               17.3              115.7  
1994      8               15.7              149.3  
1994      9               10.3              171.6  
1994     10                7.7               92.9  
1994     11                6.3               54.3  
1994     12                1.3              142.9  
1995      1               -2.3              286.8  
1995      2                1.9              151.6  
1995      3                0.0              153.4  
1995      4                5.0               57.1  
1995      5                8.7              197.2  
1995      6               10.4               66.9  
1995      7               16.7               77.9  
1995      8               14.2               98.6  
1995      9                8.5              181.3  
1995     10               10.8               19.6  
1995     11                2.6               81.5  
1995     12               -0.5              148.6  
1996      1                1.1               29.5  
1996      2               -3.1              119.2  
1996      3                0.2               21.8  
1996      4                5.8               31.8  
1996      5                9.3              140.6  
1996      6               13.1               85.5  
1996      7               13.8              138.1  
1996      8               13.3              185.1  
1996      9                7.9               48.6  
1996     10                7.0               97.2  
1996     11                1.9              219.7  
1996     12               -0.7               76.1  
1997      1               -0.5               51.7  
1997      2                1.6               83.4  
1997      3                4.4               27.4  
1997      4                4.3               53.4  
1997      5                9.2               71.0  
1997      6               11.7              174.9  
1997      7               13.1              156.0  
1997      8               16.1               99.3  
1997      9               12.4              111.6  
1997     10                6.5               73.3  
1997     11                3.3               87.1  
1997     12                0.3              151.3  
1998      1               -0.7              132.7  
1998      2                2.3               25.4  
1998      3                2.1               35.3  
1998      4                3.6              167.6  
1998      5               10.3               57.5  
1998      6               12.6               85.9  
1998      7               14.7               66.4  
1998      8               14.5               95.6  
1998      9                9.9              187.1  
1998     10                6.4              147.0  
1998     11               -0.7              114.5  
1998     12               -0.5               67.6  
1999      1                0.3              111.6  
1999      2               -3.3              211.7  
1999      3                2.3               86.9  
1999      4                4.1              165.6  
1999      5               11.3              128.0  
1999      6               11.2              117.9  
1999      7               15.2              107.1  
1999      8               14.4              106.2  
1999      9               12.9              120.0  
1999     10                6.8              116.1  
1999     11                0.2               67.5  
1999     12               -0.6              227.0  
2000      1               -2.5               35.9  
2000      2                0.5              169.0  
2000      3                2.2               45.8  
2000      4                5.8               74.7  
2000      5               10.9              141.3  
2000      6               13.7               80.7  
2000      7               12.0              148.9  
2000      8               15.2              108.0  
2000      9               11.8               77.7  
2000     10                7.0              126.5  
2000     11                2.6              150.7  
2000     12                2.3               87.1  
2001      1               -1.0              148.5  
2001      2               -0.2               72.4  
2001      3                3.4              297.6  
2001      4                2.8              168.3  
2001      5               11.3               61.7  
2001      6               11.3              118.7  
2001      7               14.8               98.2  
2001      8               15.5              105.4  
2001      9                7.6              113.5  
2001     10               11.1              100.1  
2001     11                0.3              102.5  
2001     12               -3.5               69.5  
2002      1               -0.4               54.0  
2002      2                1.7              118.5  
2002      3                3.7               88.1  
2002      4                5.2               28.4  
2002      5                8.1              216.4  
2002      6               15.0               79.8  
2002      7               14.1               95.5  
2002      8               13.7              169.5  
2002      9                9.4               73.3  
2002     10                7.3              202.1  
2002     11                3.6              284.6  
2002     12                1.4              119.8  
2003      1               -3.1              116.2  
2003      2               -3.9               50.3  
2003      3                4.4               22.6  
2003      4                5.4               56.1  
2003      5               10.4               61.7  
2003      6               18.4               60.7  
2003      7               16.2              130.4  
2003      8               19.3              106.4  
2003      9               11.1               71.6  
2003     10                3.8              153.1  
2003     11                4.6               49.7  
2003     12                0.6               56.1  
2004      1               -1.8              252.3  
2004      2               -0.6               44.3  
2004      3                0.9               75.1  
2004      4                5.3               33.4  
2004      5                8.0               77.1  
2004      6               12.6              100.5  
2004      7               14.2               67.9  
2004      8               14.6              231.7  
2004      9               11.7               56.3  
2004     10                8.8              244.0  
2004     11                1.6               37.1  
2004     12               -0.2               93.1  
2005      1               -1.8               83.4  
2005      2               -4.4               97.4  
2005      3                1.8               61.9  
2005      4                5.2              159.8  
2005      5                9.9              102.1  
2005      6               14.6               61.1  
2005      7               15.0               78.9  
2005      8               12.7               72.6  
2005      9               11.9               87.2  
2005     10                9.4               56.6  
2005     11                1.8               66.4  
2005     12               -3.7              115.5  
2006      1               -2.6               39.5  
2006      2               -2.5               84.4  
2006      3               -0.5              209.1  
2006      4                4.9              166.0  
2006      5                9.0              183.9  
2006      6               14.1               69.2  
2006      7               19.0               83.8  
2006      8               11.0              230.8  
2006      9               13.9              177.9  
2006     10               10.4              108.4  
2006     11                5.5               56.3  
2006     12                1.3               66.0  
2007      1                1.4              100.9  
2007      2                2.3              115.0  
2007      3                2.4              128.0  
2007      4               10.4               25.2  
2007      5               10.3              197.4  
2007      6               12.7              140.5  
2007      7               13.8              194.9  
2007      8               13.4              259.2  
2007      9                9.7               66.7  
2007     10                6.5               13.4  
2007     11                1.0               95.4  
2007     12               -0.9              146.4  
2008      1                1.5               98.3  
2008      2                1.2               46.0  
2008      3                0.4              124.4  
2008      4                4.1              128.1  
2008      5               11.1               66.4  
2008      6               13.2               70.9  
2008      7               14.5              143.4  
2008      8               14.0              140.2  
2008      9                8.9              105.8  
2008     10                7.2              127.6  
2008     11                2.2               56.3  
2008     12               -1.4              135.4  
2009      1               -3.6               68.9  
2009      2               -2.4              123.3  
2009      3                0.8              111.5  
2009      4                7.6               27.0  
2009      5               11.8               55.3  
2009      6               12.4               98.0  
2009      7               15.0              140.9  
2009      8               16.2               46.3  
2009      9               12.5               48.1  
2009     10                7.1               55.0  
2009     11                5.0              146.6  
2009     12               -1.6              186.0  
2010      1               -4.6               73.1  
2010      2               -2.6              104.5  
2010      3                0.8               70.9  
2010      4                6.6               22.3  
2010      5                7.5              128.5  
2010      6               13.0               74.1  
2010      7               16.9               42.6  
2010      8               13.6              190.0  
2010      9               10.2               32.6  
2010     10                6.4               35.4  
2010     11                2.1              151.0  
2010     12               -2.6              147.9  
2011      1               -1.4               61.3  
2011      2                1.1               38.8  
2011      3                3.5               32.5  
2011      4                9.3               14.7  
2011      5               11.6               49.8  
2011      6               12.7               90.1  
2011      7               12.7              161.4  
2011      8               15.7               84.8  
2011      9               13.5              113.0  
2011     10                7.6               86.6  
2011     11                6.1               14.3  
2011     12                1.1              265.4  
2012      1               -0.6              147.5  
2012      2               -5.9               29.7  
2012      3                5.7               19.1  
2012      4                5.2              109.4  
2012      5               10.2               83.2  
2012      6               13.6              133.0  
2012      7               14.5              120.8  
2012      8               16.2              154.4  
2012      9               11.2              116.4  
2012     10                7.9              112.4  
2012     11                4.1              185.5  
2012     12               -0.7              257.7  
2013      1               -1.4               76.6  
2013      2               -4.7              119.2  
2013      3               -0.4               93.9  
2013      4                5.0              101.7  
2013      5                6.6              162.5  
2013      6               12.2              171.8  
2013      7               17.2              129.7  
2013      8               15.2              102.7  
2013      9               11.8              117.3  
2013     10                8.7              124.0  
2013     11                1.0              120.4  
2013     12                1.8              102.4  
2014      1                0.6               89.9  
2014      2                0.5              105.4  
2014      3                4.5               32.9  
2014      4                7.3               79.0  
2014      5                8.4              114.0  
2014      6               14.5               56.4  
2014      7               14.2              210.7  
2014      8               12.5              103.1  
2014      9               12.4               44.4  
2014     10               10.1               99.1  
2014     11                6.1              101.3  
2014     12                0.5               63.3  
2015      1               -0.5              113.1  
2015      2               -2.2               54.5  
2015      3                3.3               78.7  
2015      4                6.8               89.6  
2015      5               10.1              124.2  
2015      6               14.5              100.8  
2015      7               18.5               52.2  
2015      8               16.6               95.5  
2015      9                9.4               73.8  
2015     10                6.2               50.3  
2015     11                5.9              104.5  
2015     12                4.7               17.7  
2016      1                0.4              179.0  
2016      2                0.1              103.1  
2016      3                1.0               63.0  
2016      4                5.0              130.3  
2016      5                8.8              154.1  
2016      6               12.4              191.3  
2016      7               15.9               59.8  
2016      8               16.0               42.1  
2016      9               13.9               68.1  
2016     10                6.1               85.5  
2016     11                2.4               90.9  
2016     12                3.2                1.5  
2017      1               -3.6               59.6  
2017      2                2.0               53.1  
2017      3                5.4               77.8  
2017      4                5.4               45.8  
2017      5               10.7               67.7  
2017      6               15.9               69.7  
2017      7               15.8               76.6  
2017      8               16.3               91.7  
2017      9                9.6               33.0  
2017     10                9.1               35.7  
2017     11                1.7              112.7  
2017     12               -1.3              172.7  
2018      1                1.6              215.0  
2018      2               -5.1               51.5  
2018      3                0.7              118.3  
2018      4                9.6               25.0  
2018      5               11.2              115.2  
2018      6               14.3              119.9  
2018      7               17.6               85.5  
2018      8               17.1               67.0  
2018      9               13.5               61.2  
2018     10                9.3               32.6  
2018     11                3.7               48.7  
2018     12                1.5              180.9  
2019      1               -3.4               87.1  
2019      2                2.8               41.9  
2019      3                3.5               71.4  
2019      4                5.6               64.6  
2019      5                6.9               89.9  
2019      6               15.9              152.1  
2019      7               17.5               81.4  
2019      8               15.9               97.2  
2019      9               12.2               35.3  
2019     10                9.1              161.8  
2019     11                2.1              113.9  
2019     12                2.2              135.9  
2020      1                1.9               40.8  
2020      2                2.7              116.8  
2020      3                2.4               86.0  
2020      4                9.6               43.7  
2020      5               10.4               87.9  
2020      6               12.7              157.5  
2020      7               16.6               18.1  
2020      8               16.4              111.0  
2020      9               13.1               59.3  
2020     10                6.1              175.8  
2020     11                5.4               23.5  
2020     12               -0.1              131.1  
2021      1               -2.8              177.3  
2021      2                2.1               33.8  
2021      3                2.5               52.5  
2021      4                4.3               32.8  
2021      5                6.8              159.2  
2021      6               15.0              196.2  
2021      7               14.4              216.4  
2021      8               13.5               71.1  
2021      9               13.2               52.4  
2021     10                7.5               70.8  
2021     11                2.1               29.6  
2021     12                0.6              185.6  
2022      1                0.1               47.1  
2022      2                0.9               67.0  
2022      3                4.7               15.6  
2022      4                5.5              114.8  
2022      5               12.5               33.9  
2022      6               16.3               74.3  
2022      7               18.2               57.8  
2022      8               17.6               60.0  
2022      9               10.7              245.4  
2022     10               12.0              122.9  
