Federal Office of Meteorology and Climatology MeteoSwiss
MeteoSchweiz / MeteoSuisse / MeteoSvizzera / MeteoSwiss

Monthly homogenized values

Station:                  Elm
Altitude [m asl]:         958 m
Coordinates:              46° 55.4' N / 9° 10.5' E

Reference date of homogenization:
         Temperature:     01.12.2020
         Precipitation:   01.12.2012

Last inhomogeneity provisionally corrected:
         Temperature:     no
         Precipitation:   yes

Units:
         Temperature:     °C
         Precipitation:   mm

Missing values:           NA

Data source:              MeteoSwiss
Creation date:            20.11.2022


Year  Month        Temperature      Precipitation  
1878      2               -1.5               20.8  
1878      3               -1.3              126.5  
1878      4                5.0              101.5  
1878      5               10.5              100.1  
1878      6               12.3              152.1  
1878      7               13.0              201.5  
1878      8               13.4              186.7  
1878      9                9.5              102.9  
1878     10                7.1              136.5  
1878     11               -0.4              153.7  
1878     12               -4.9               82.2  
1879      1               -3.4               62.2  
1879      2               -1.4              114.3  
1879      3                1.3               43.8  
1879      4                3.2              141.6  
1879      5                5.5              171.4  
1879      6               12.7              151.5  
1879      7               11.0              225.8  
1879      8               14.8              167.7  
1879      9               10.5              126.4  
1879     10                3.7               99.5  
1879     11               -2.5              216.2  
1879     12               -8.0               30.3  
1880      1               -7.7               41.7  
1880      2               -0.6               55.3  
1880      3                3.0               81.6  
1880      4                5.7              127.4  
1880      5                7.8               85.5  
1880      6               10.8              241.4  
1880      7               14.9              143.5  
1880      8               11.9              177.3  
1880      9               10.2              139.4  
1880     10                6.3              224.6  
1880     11                1.1               81.9  
1880     12                0.4              174.6  
1881      1               -6.3               32.6  
1881      2               -1.0               79.3  
1881      3                1.8              101.0  
1881      4                4.4              107.2  
1881      5                8.4               52.6  
1881      6               11.5              137.4  
1881      7               16.3              119.2  
1881      8               13.5              223.9  
1881      9                8.6              240.4  
1881     10                1.9              120.2  
1881     11                2.3               25.0  
1881     12               -3.0               56.9  
1882      1               -2.9               19.4  
1882      2               -3.2               32.5  
1882      3                2.4               69.1  
1882      4                4.7               71.1  
1882      5                9.6              110.1  
1882      6               11.0              180.9  
1882      7               12.4              169.6  
1882      8               11.1              224.4  
1882      9                8.6              286.1  
1882     10                6.5              225.2  
1882     11                0.8              149.4  
1882     12               -0.9              256.0  
1883      1               -2.2               73.0  
1883      2               -0.8               29.3  
1883      3               -3.4              109.5  
1883      4                4.2               53.5  
1883      5                9.5              127.4  
1883      6               11.8              206.7  
1883      7               12.4              224.1  
1883      8               12.6              105.1  
1883      9                9.7              174.3  
1883     10                4.2              122.0  
1883     11                0.1               71.1  
1883     12               -4.6              182.8  
1884      1               -2.1              128.4  
1884      2               -1.0               44.4  
1884      3                1.5               27.3  
1884      4                4.5               52.9  
1884      5               10.7               77.6  
1884      6                9.0              185.1  
1884      7               14.4              228.0  
1884      8               13.7              162.1  
1884      9               10.6               90.8  
1884     10                3.8               77.1  
1884     11               -1.9               38.9  
1884     12               -2.5              122.5  
1885      1               -6.9                6.2  
1885      2                1.1               84.0  
1885      3                0.5               56.6  
1885      4                6.4               58.0  
1885      5                7.2              139.2  
1885      6               13.9               74.0  
1885      7               14.5              173.5  
1885      8               12.3              174.2  
1885      9                9.4              297.5  
1885     10                3.6              236.8  
1885     11                1.3              121.1  
1885     12               -4.0               79.8  
1886      1               -5.0               59.7  
1886      2               -6.4               58.3  
1886      3               -1.5               34.6  
1886      4                6.9               85.1  
1886      5                9.6              139.6  
1886      6               10.2              183.4  
1886      7               13.9              216.4  
1886      8               13.1              161.4  
1886      9               12.0               46.8  
1886     10                7.9               99.6  
1886     11                0.4              151.9  
1886     12               -2.2              192.5  
1887      1               -7.1               23.1  
1887      2               -4.9               13.0  
1887      3               -1.6              112.9  
1887      4                4.6               48.3  
1887      5                6.9              156.0  
1887      6               13.4               73.9  
1887      7               15.7              148.8  
1887      8               13.1              180.6  
1887      9                9.1               96.2  
1887     10                1.1               95.5  
1887     11                1.4               50.7  
1887     12               -4.9              171.9  
1888      1               -6.4              110.0  
1888      2               -4.1              144.0  
1888      3               -1.1              157.8  
1888      4                2.9              142.3  
1888      5               10.6               69.3  
1888      6               12.6              132.7  
1888      7               11.6              282.6  
1888      8               11.8              215.4  
1888      9               10.6              243.6  
1888     10                2.4              162.2  
1888     11                1.9               57.3  
1888     12               -0.5                9.4  
1889      1               -5.6               33.4  
1889      2               -5.5              276.8  
1889      3               -2.4               60.9  
1889      4                3.5               82.7  
1889      5               11.3              107.1  
1889      6               13.7              200.7  
1889      7               13.3              186.5  
1889      8               12.3              181.7  
1889      9                8.1              111.3  
1889     10                5.5              297.7  
1889     11                0.5               51.0  
1889     12               -7.1               33.4  
1890      1               -0.1               80.9  
1890      2               -5.9                1.8  
1890      3                0.2               55.7  
1890      4                4.4              100.1  
1890      5               10.7               78.8  
1890      6               10.8              296.0  
1890      7               11.9              234.5  
1890      8               12.3              611.9  
1890      9                9.4               61.1  
1890     10                3.3              177.6  
1890     11               -0.9              111.1  
1890     12               -7.8                9.9  
1891      1              -10.1               96.8  
1891      2               -5.7               21.7  
1891      3                0.3              150.0  
1891      4                2.3               90.4  
1891      5                9.5               99.3  
1891      6               12.5              152.3  
1891      7               12.3              366.9  
1891      8               11.9              188.6  
1891      9               10.5              152.8  
1891     10                7.4              133.0  
1891     11                0.0               91.6  
1891     12               -2.3              230.3  
1892      1               -3.9              102.1  
1892      2               -1.1              173.4  
1892      3               -2.4               66.6  
1892      4                4.7               94.8  
1892      5                9.7               53.6  
1892      6               12.2              267.8  
1892      7               13.2              222.0  
1892      8               14.8               98.6  
1892      9               10.7              218.4  
1892     10                5.9              160.4  
1892     11                2.6               34.4  
1892     12               -5.2               59.8  
1893      1               -9.3              146.3  
1893      2               -1.4              129.8  
1893      3                1.1               50.1  
1893      4                7.8               10.8  
1893      5                9.1              107.0  
1893      6               12.5              186.5  
1893      7               13.8              264.9  
1893      8               14.2               64.6  
1893      9               10.3              196.0  
1893     10                7.6               93.8  
1893     11               -0.8              107.2  
1893     12               -3.7               36.0  
1894      1               -4.1               24.0  
1894      2               -2.9              131.0  
1894      3                0.5               97.3  
1894      4                6.9               89.8  
1894      5                8.7              136.3  
1894      6               11.6              132.7  
1894      7               14.5              279.4  
1894      8               12.8              192.6  
1894      9                8.5              180.3  
1894     10                5.6               91.3  
1894     11                1.8               42.8  
1894     12               -5.0               81.6  
1895      1               -8.4              101.5  
1895      2              -10.0               27.6  
1895      3               -0.9              120.8  
1895      4                5.8               83.2  
1895      5                9.1              165.0  
1895      6               12.4               93.5  
1895      7               14.9              121.5  
1895      8               12.8              147.9  
1895      9               13.1               14.1  
1895     10                5.2              129.7  
1895     11                4.0               45.4  
1895     12               -2.5              200.9  
1896      1               -6.7               49.5  
1896      2               -3.7               47.6  
1896      3                1.9              283.8  
1896      4                2.0              212.9  
1896      5                7.4              137.6  
1896      6               12.6              123.3  
1896      7               14.2              149.3  
1896      8               10.7              185.7  
1896      9                9.2              241.6  
1896     10                4.7              238.8  
1896     11               -1.8               66.9  
1896     12               -2.2               55.2  
1897      1               -3.5               52.6  
1897      2                0.4              216.6  
1897      3                2.6              138.8  
1897      4                5.1              108.4  
1897      5                7.4              115.3  
1897      6               13.8              130.6  
1897      7               14.3              157.3  
1897      8               13.4              244.8  
1897      9                8.9              305.2  
1897     10                4.4               34.2  
1897     11                1.1               25.4  
1897     12               -3.2               46.3  
1898      1               -0.3               10.2  
1898      2               -3.0              200.3  
1898      3               -0.3               67.5  
1898      4                5.2              105.5  
1898      5                8.7              200.7  
1898      6               11.2              215.2  
1898      7               12.6              175.9  
1898      8               14.8              151.4  
1898      9               11.4               49.8  
1898     10                7.6              128.9  
1898     11                4.0              138.8  
1898     12               -2.8               66.2  
1899      1               -1.2              224.9  
1899      2               -0.5               11.6  
1899      3                1.2               70.9  
1899      4                4.3              191.1  
1899      5                8.2              190.6  
1899      6               12.3               91.0  
1899      7               13.9              137.5  
1899      8               14.0               82.8  
1899      9                9.4              225.7  
1899     10                7.0               45.0  
1899     11                2.0               16.0  
1899     12               -4.3               90.6  
1900      1               -2.6              169.1  
1900      2                0.2              120.5  
1900      3               -3.0               73.0  
1900      4                3.9              120.4  
1900      5                8.3              137.6  
1900      6               13.1               87.5  
1900      7               15.1              214.2  
1900      8               12.3              259.4  
1900      9               12.1               38.0  
1900     10                5.8               59.2  
1900     11                2.3              103.9  
1900     12               -1.0              126.4  
1901      1               -4.9               95.4  
1901      2               -8.1               47.1  
1901      3               -1.3              102.1  
1901      4                5.2              215.7  
1901      5                9.7               85.8  
1901      6               12.8              180.3  
1901      7               14.0              160.3  
1901      8               12.9              201.0  
1901      9               11.0              161.7  
1901     10                5.8              119.9  
1901     11               -2.4               35.9  
1901     12               -2.1              112.1  
1902      1               -3.4              100.2  
1902      2               -2.5               31.9  
1902      3               -0.1              228.5  
1902      4                7.0               37.0  
1902      5                5.2              171.3  
1902      6               11.2              122.8  
1902      7               14.3              120.0  
1902      8               12.7              155.9  
1902      9               10.1              144.7  
1902     10                5.1              128.6  
1902     11                0.5               17.4  
1902     12               -3.2              155.6  
1903      1               -3.4               81.3  
1903      2               -0.6               62.0  
1903      3                2.2               63.7  
1903      4                1.5              123.1  
1903      5                9.6               92.5  
1903      6               11.4              132.3  
1903      7               12.8              209.4  
1903      8               13.1              165.6  
1903      9               10.0               77.5  
1903     10                6.4              139.6  
1903     11                0.3              118.3  
1903     12               -3.3               43.0  
1904      1               -4.3               36.7  
1904      2               -1.7              123.8  
1904      3                1.1               55.2  
1904      4                6.7              153.1  
1904      5               10.4              213.3  
1904      6               13.4              107.8  
1904      7               16.0              102.3  
1904      8               13.9              153.9  
1904      9                8.5              103.1  
1904     10                5.4               75.7  
1904     11               -0.4               98.9  
1904     12               -2.6               51.4  
1905      1               -6.2               65.9  
1905      2               -3.9               55.4  
1905      3                1.2              131.9  
1905      4                4.5              184.6  
1905      5                8.4              165.9  
1905      6               13.4               64.6  
1905      7               16.5              133.1  
1905      8               13.6              264.9  
1905      9               11.0              167.4  
1905     10                0.3              131.4  
1905     11                0.7              101.7  
1905     12               -4.1               55.1  
1906      1               -4.0               87.4  
1906      2               -4.5               97.3  
1906      3               -0.8              125.8  
1906      4                4.5               70.7  
1906      5                9.5              177.0  
1906      6               11.5              122.6  
1906      7               14.2              263.3  
1906      8               14.1              114.0  
1906      9                9.2               76.7  
1906     10                8.2               30.0  
1906     11                1.8              186.4  
1906     12               -6.6              144.9  
1907      1               -4.6              155.1  
1907      2               -6.8               74.3  
1907      3               -2.1              153.0  
1907      4                2.7               97.2  
1907      5               11.1               87.4  
1907      6               12.3               99.2  
1907      7               12.0              189.3  
1907      8               13.9              141.9  
1907      9               11.6               68.8  
1907     10                8.9              156.0  
1907     11                2.9               36.1  
1907     12               -1.3              117.7  
1908      1               -5.1               63.3  
1908      2               -3.4              159.8  
1908      3               -1.0               98.2  
1908      4                2.7               92.5  
1908      5               11.2              170.0  
1908      6               14.7               74.5  
1908      7               13.4              207.2  
1908      8               11.5              153.8  
1908      9                9.3              195.9  
1908     10                6.5                7.7  
1908     11               -0.8               76.8  
1908     12               -3.5               41.7  
1909      1               -7.5               70.8  
1909      2               -6.5               53.8  
1909      3               -1.2               71.8  
1909      4                6.2               91.2  
1909      5                8.6               94.9  
1909      6               10.5              258.4  
1909      7               11.7              181.3  
1909      8               12.8              206.5  
1909      9                9.7               96.1  
1909     10                7.3               82.4  
1909     11               -1.6               84.0  
1909     12               -0.7              103.5  
1910      1               -3.3              179.8  
1910      2               -2.2              109.3  
1910      3                0.4               33.1  
1910      4                4.5              152.9  
1910      5                8.3               93.9  
1910      6               12.7              229.1  
1910      7               12.0              198.6  
1910      8               12.6              202.2  
1910      9                7.8              142.4  
1910     10                7.2               61.6  
1910     11               -0.1              133.9  
1910     12                1.0              109.4  
1911      1               -7.5               22.7  
1911      2               -3.7              103.9  
1911      3                1.1               97.9  
1911      4                3.8               76.9  
1911      5                9.5               97.3  
1911      6               11.8              182.3  
1911      7               16.1               66.3  
1911      8               15.8              106.1  
1911      9               11.5              156.2  
1911     10                6.6              170.8  
1911     11                3.5               73.0  
1911     12                0.1              135.3  
1912      1               -1.5               94.8  
1912      2                1.7               62.2  
1912      3                3.1              114.3  
1912      4                3.5               99.2  
1912      5                9.8              254.8  
1912      6               12.4              132.5  
1912      7               13.6              140.2  
1912      8               10.7              232.4  
1912      9                5.3               86.8  
1912     10                4.3              173.2  
1912     11               -2.7              101.0  
1912     12               -1.4               89.4  
1913      1               -1.3              106.3  
1913      2               -3.3               26.9  
1913      3                2.8               50.2  
1913      4                4.6              117.0  
1913      5                9.3              109.2  
1913      6               11.4              199.8  
1913      7               10.7              258.8  
1913      8               11.9              115.8  
1913      9                9.7              174.6  
1913     10                8.6               72.6  
1913     11                3.5              172.9  
1913     12               -2.8              125.8  
1914      1               -7.9              167.8  
1914      2                0.7               61.7  
1914      3                0.7              248.2  
1914      4                6.9               64.1  
1914      5                7.5              128.9  
1914      6               10.5              144.4  
1914      7               12.6              309.0  
1914      8               13.4              153.1  
1914      9                8.9              151.8  
1914     10                5.9              124.3  
1914     11                0.3               54.7  
1914     12               -0.4               39.4  
1915      1               -4.0              155.5  
1915      2               -2.5               80.6  
1915      3               -1.2              144.3  
1915      4                3.2              104.4  
1915      5               11.8               62.4  
1915      6               14.2               79.5  
1915      7               12.7              244.4  
1915      8               11.6              170.3  
1915      9                8.6              188.4  
1915     10                3.2               22.0  
1915     11               -2.4               61.0  
1915     12                1.8              108.0  
1916      1               -1.8              162.3  
1916      2               -1.4              132.7  
1916      3                1.4              119.3  
1916      4                4.5              161.9  
1916      5               10.4              116.1  
1916      6                9.9              253.1  
1916      7               12.9              134.6  
1916      8               12.5              218.9  
1916      9                8.1              171.3  
1916     10                5.5              208.6  
1916     11                1.3              130.4  
1916     12               -0.8              163.5  
1917      1               -6.6               83.3  
1917      2               -5.5               28.6  
1917      3               -1.2               81.8  
1917      4                1.2              173.7  
1917      5               12.7               54.7  
1917      6               14.7              106.0  
1917      7               13.7              202.7  
1917      8               12.9              310.9  
1917      9               12.3               52.9  
1917     10                2.8              332.9  
1917     11               -0.5              100.9  
1917     12               -5.6               51.0  
1918      1               -2.1               65.3  
1918      2               -2.4               43.0  
1918      3                1.2               41.3  
1918      4                5.8              100.6  
1918      5               10.8               41.6  
1918      6                9.4              234.2  
1918      7               13.9               93.7  
1918      8               12.5              161.5  
1918      9               10.5              142.2  
1918     10                4.6               60.3  
1918     11                1.3               52.8  
1918     12               -0.3              240.1  
1919      1               -3.9               67.0  
1919      2               -3.5               88.1  
1919      3                0.2              126.6  
1919      4                1.7              177.9  
1919      5                8.1               60.8  
1919      6               12.0              111.5  
1919      7               11.0              138.1  
1919      8               14.9               67.3  
1919      9               11.9               82.4  
1919     10                1.9              102.8  
1919     11               -0.6              178.0  
1919     12               -2.0              284.0  
1920      1               -0.9              171.7  
1920      2               -0.2               32.1  
1920      3                3.5               60.2  
1920      4                6.0              104.3  
1920      5               12.0              110.4  
1920      6               11.6               91.7  
1920      7               13.5              239.8  
1920      8               11.5               85.4  
1920      9               10.6              257.6  
1920     10                6.1                5.0  
1920     11                2.0                2.6  
1920     12               -2.9               55.8  
1921      1                0.1              121.7  
1921      2               -2.8               18.1  
1921      3                2.6               25.7  
1921      4                4.0               79.7  
1921      5               10.7               66.1  
1921      6               11.8              203.3  
1921      7               16.1               52.2  
1921      8               13.5              151.7  
1921      9               11.7              117.8  
1921     10                8.1               53.8  
1921     11               -1.9              150.4  
1921     12               -1.9               64.7  
1922      1               -4.5              248.0  
1922      2               -3.0              135.9  
1922      3                1.0              141.3  
1922      4                2.7              181.6  
1922      5               10.9               55.2  
1922      6               12.3              149.3  
1922      7               12.4              246.5  
1922      8               13.2              192.2  
1922      9                7.7              204.3  
1922     10                4.2              114.0  
1922     11               -2.0              160.3  
1922     12               -2.5              188.4  
1923      1               -4.6               99.1  
1923      2               -0.3              130.9  
1923      3                1.1               31.8  
1923      4                4.6              103.1  
1923      5                9.0              146.7  
1923      6                8.1              119.8  
1923      7               16.0              103.8  
1923      8               13.9              203.2  
1923      9               10.3              117.5  
1923     10                8.0              157.9  
1923     11                1.9              139.5  
1923     12               -3.5              314.7  
1924      1               -4.7               66.4  
1924      2               -5.7               58.2  
1924      3               -0.5               24.8  
1924      4                4.4              126.1  
1924      5               10.4              249.8  
1924      6               11.6              168.5  
1924      7               14.3              245.2  
1924      8               10.7              213.2  
1924      9               10.6              158.0  
1924     10                6.4               79.2  
1924     11                2.1               33.5  
1924     12               -1.8               53.3  
1925      1               -1.7               33.5  
1925      2               -0.6               95.9  
1925      3               -2.5               58.3  
1925      4                4.9              137.2  
1925      5                9.8               62.6  
1925      6               12.3               73.1  
1925      7               13.6              137.5  
1925      8               12.5              231.6  
1925      9                7.8              180.2  
1925     10                6.9               79.2  
1925     11               -0.8               65.6  
1925     12               -2.7              154.8  
1926      1               -3.0              115.5  
1926      2                2.9               64.5  
1926      3                1.5              115.6  
1926      4                6.3               81.2  
1926      5                7.4              238.6  
1926      6                9.5              261.4  
1926      7               12.7              208.8  
1926      8               13.3               99.0  
1926      9               12.2               77.6  
1926     10                6.6              154.8  
1926     11                5.2              186.2  
1926     12               -4.1              139.4  
1927      1               -3.1              156.4  
1927      2               -2.7               76.5  
1927      3                1.3              156.9  
1927      4                5.1              185.1  
1927      5               10.2               67.8  
1927      6               12.3              196.1  
1927      7               13.8              254.5  
1927      8               12.8              254.8  
1927      9               10.6              287.5  
1927     10                5.5               31.8  
1927     11                3.3               68.5  
1927     12               -2.2               27.7  
1928      1               -1.5               92.4  
1928      2               -1.2              169.4  
1928      3                1.8               68.1  
1928      4                5.2              162.6  
1928      5                6.8              185.8  
1928      6               12.5              127.0  
1928      7               16.9               86.0  
1928      8               14.5              194.1  
1928      9                9.9               72.9  
1928     10                5.8              227.0  
1928     11                2.8              193.8  
1928     12               -4.2              106.1  
1929      1               -7.5               60.4  
1929      2               -8.9               28.2  
1929      3                0.0               17.5  
1929      4                2.0              166.2  
1929      5                9.9              106.1  
1929      6               12.9              159.2  
1929      7               14.9              155.4  
1929      8               13.3              157.8  
1929      9               12.7               44.7  
1929     10                7.0              159.1  
1929     11                2.7               52.1  
1929     12                0.0              138.0  
1930      1                0.5               39.7  
1930      2               -3.4               17.5  
1930      3                2.5               94.5  
1930      4                5.7              130.1  
1930      5                8.4              225.7  
1930      6               15.2               94.6  
1930      7               13.0              206.7  
1930      8               13.1              222.5  
1930      9               11.0              203.7  
1930     10                5.7              191.6  
1930     11                3.8              136.5  
1930     12               -3.9               67.3  
1931      1               -4.3              190.4  
1931      2               -4.6              141.3  
1931      3               -2.0              130.5  
1931      4                3.5               80.1  
1931      5               11.9               93.9  
1931      6               14.5              145.6  
1931      7               13.3              240.9  
1931      8               11.7              239.9  
1931      9                6.2              109.3  
1931     10                5.1               62.7  
1931     11                3.1               37.2  
1931     12               -5.5               80.7  
1932      1               -1.9              121.3  
1932      2               -8.0                8.2  
1932      3               -0.7              118.1  
1932      4                3.5              133.1  
1932      5                8.5              225.0  
1932      6               11.1               79.0  
1932      7               13.3              214.2  
1932      8               16.0              162.9  
1932      9               13.6               99.7  
1932     10                5.7              166.5  
1932     11                1.6               72.5  
1932     12                0.8                6.3  
1933      1               -5.9               56.8  
1933      2               -3.1               96.6  
1933      3                1.9               57.2  
1933      4                5.0               86.9  
1933      5                7.6              258.8  
1933      6                9.7              226.7  
1933      7               14.9              214.3  
1933      8               14.2              114.7  
1933      9               11.4              154.9  
1933     10                6.6              128.1  
1933     11                0.8               77.3  
1933     12               -6.9               15.2  
1934      1               -4.0               98.0  
1934      2               -3.7               11.4  
1934      3                0.9               59.5  
1934      4                8.1               56.9  
1934      5               11.0               63.3  
1934      6               12.1              212.1  
1934      7               15.0              137.0  
1934      8               12.2              326.2  
1934      9               11.7               96.9  
1934     10                5.3              118.0  
1934     11                1.9               57.9  
1934     12                1.8               78.7  
1935      1               -6.8              130.3  
1935      2               -2.0              297.3  
1935      3               -0.5              110.2  
1935      4                3.4              180.3  
1935      5                7.7               76.1  
1935      6               14.7              124.9  
1935      7               14.9              148.3  
1935      8               12.4              249.8  
1935      9               10.9              139.2  
1935     10                5.5              368.9  
1935     11                3.4              112.3  
1935     12               -2.8              167.2  
1936      1                1.3              122.7  
1936      2               -1.8               56.5  
1936      3                3.1               43.2  
1936      4                4.6              115.3  
1936      5                9.3               97.3  
1936      6               12.0              169.7  
1936      7               12.9              358.6  
1936      8               12.8              125.4  
1936      9               10.4              173.0  
1936     10                1.9              104.5  
1936     11                1.1               24.3  
1936     12               -2.0              128.3  
1937      1               -1.7              102.2  
1937      2               -0.2              252.6  
1937      3               -0.4              160.8  
1937      4                4.5              133.6  
1937      5               11.6              104.8  
1937      6               13.9              105.7  
1937      7               14.5              186.4  
1937      8               13.1              171.8  
1937      9               10.1              242.4  
1937     10                7.7               95.7  
1937     11                0.9               61.2  
1937     12               -4.2               73.0  
1938      1               -3.1              179.8  
1938      2               -3.8               85.5  
1938      3                2.6               53.4  
1938      4                1.5               58.4  
1938      5                8.0              113.1  
1938      6               14.2              144.8  
1938      7               13.7              221.8  
1938      8               13.0              244.0  
1938      9               11.3               55.8  
1938     10                5.6               87.6  
1938     11                3.9               24.2  
1938     12               -3.1               77.7  
1939      1               -0.9               92.3  
1939      2               -1.5               39.7  
1939      3               -2.3              206.9  
1939      4                6.3              102.6  
1939      5                6.0              230.4  
1939      6               12.8              142.3  
1939      7               13.2              243.6  
1939      8               13.5              157.8  
1939      9                9.6              134.0  
1939     10                5.1              208.7  
1939     11                3.3              252.2  
1939     12               -3.4               82.2  
1940      1               -7.7              108.8  
1940      2               -3.6              128.7  
1940      3                0.7              130.5  
1940      4                5.6              122.7  
1940      5                8.9              166.8  
1940      6               11.9              135.7  
1940      7               12.6              311.3  
1940      8               11.7              194.2  
1940      9                9.9              203.4  
1940     10                6.2               63.5  
1940     11                1.5              184.9  
1940     12               -8.6              155.2  
1941      1               -5.5               62.9  
1941      2               -1.7               71.5  
1941      3                1.2               90.6  
1941      4                3.2               86.2  
1941      5                6.0              154.2  
1941      6               12.8               78.5  
1941      7               15.8              142.5  
1941      8               12.3              251.7  
1941      9                9.2              100.7  
1941     10                4.4              192.7  
1941     11                0.4               83.2  
1941     12               -4.3               67.6  
1942      1               -8.2              100.5  
1942      2               -6.4               25.4  
1942      3                2.5               89.8  
1942      4                5.5               62.0  
1942      5               10.0              119.4  
1942      6               12.6              142.4  
1942      7               13.6              127.5  
1942      8               13.7              179.7  
1942      9               12.5              168.9  
1942     10                9.1              170.5  
1942     11               -1.7               79.2  
1942     12               -0.4               25.4  
1943      1               -2.6              139.9  
1943      2               -1.5               59.0  
1943      3                3.7               60.9  
1943      4                6.2              118.8  
1943      5               10.4              124.9  
1943      6               11.1              213.2  
1943      7               14.4              141.3  
1943      8               15.2               77.9  
1943      9               11.6              242.7  
1943     10                8.8                0.0  
1943     11               -0.2              101.1  
1943     12               -2.0               42.2  
1944      1               -2.1               96.1  
1944      2               -4.9              149.0  
1944      3               -3.1              112.7  
1944      4                5.7               59.3  
1944      5                9.0               65.1  
1944      6               11.0              122.2  
1944      7               13.7              148.8  
1944      8               16.6               62.1  
1944      9                9.9              168.3  
1944     10                5.5              122.0  
1944     11                0.3              317.1  
1944     12               -4.1               88.9  
1945      1               -8.4               57.5  
1945      2                0.4              157.3  
1945      3                1.6              163.9  
1945      4                6.4              131.9  
1945      5               11.8              114.0  
1945      6               14.4              110.3  
1945      7               15.1              103.9  
1945      8               13.2              316.4  
1945      9               10.9              218.7  
1945     10                6.4              161.5  
1945     11               -0.7               65.4  
1945     12               -1.9              165.9  
1946      1               -5.4               86.2  
1946      2                0.1              237.0  
1946      3                1.8               48.9  
1946      4                7.7               26.7  
1946      5               11.2               92.2  
1946      6               11.6              215.8  
1946      7               15.0              153.2  
1946      8               13.1              205.0  
1946      9               11.7               72.0  
1946     10                5.0              102.9  
1946     11                0.4               65.8  
1946     12               -4.5               72.1  
1947      1               -6.5               78.4  
1947      2               -3.4               38.5  
1947      3                2.4              164.1  
1947      4                7.4               76.6  
1947      5               12.0              113.0  
1947      6               14.7              143.0  
1947      7               15.9              171.9  
1947      8               15.7               76.5  
1947      9               13.5               57.2  
1947     10                6.6               36.4  
1947     11                3.0              333.0  
1947     12               -2.2              153.3  
1948      1                0.6              161.0  
1948      2               -1.9              165.3  
1948      3                3.9               82.0  
1948      4                6.3               61.9  
1948      5               11.0               51.2  
1948      6               11.6              229.9  
1948      7               11.4              240.9  
1948      8               13.5              213.5  
1948      9               10.5               88.6  
1948     10                6.6               77.8  
1948     11                2.1               24.7  
1948     12               -2.3               48.1  
1949      1               -2.6              112.0  
1949      2               -2.7               36.6  
1949      3               -1.7              105.3  
1949      4                7.4              152.3  
1949      5                8.7              100.4  
1949      6               12.2               87.6  
1949      7               15.0              121.2  
1949      8               13.9              120.2  
1949      9               13.4              100.8  
1949     10                8.0               69.0  
1949     11                1.1               87.9  
1949     12               -0.6              110.5  
1950      1               -4.2              125.4  
1950      2               -0.1              159.0  
1950      3                1.1               38.2  
1950      4                3.9              144.2  
1950      5               11.5               82.8  
1950      6               15.1               96.9  
1950      7               16.1              161.3  
1950      8               14.1              206.5  
1950      9                9.9              150.7  
1950     10                5.7               29.2  
1950     11                1.3              273.9  
1950     12               -3.8               36.4  
1951      1               -1.2              211.3  
1951      2               -0.7              154.5  
1951      3               -0.4              130.6  
1951      4                4.4               91.6  
1951      5                9.1              106.1  
1951      6               12.3              190.3  
1951      7               14.8               82.6  
1951      8               13.8              145.5  
1951      9               11.6               59.5  
1951     10                5.7               56.2  
1951     11                4.2              182.1  
1951     12               -1.0               39.6  
1952      1               -4.3              137.6  
1952      2               -4.6              175.2  
1952      3                2.0              148.7  
1952      4                7.1               55.0  
1952      5               10.4               90.9  
1952      6               13.8              113.7  
1952      7               16.9              114.4  
1952      8               14.6              123.5  
1952      9                8.0              197.2  
1952     10                5.5              180.9  
1952     11               -0.8              256.9  
1952     12               -3.2              144.7  
1953      1               -7.3               49.1  
1953      2               -4.3               57.7  
1953      3                0.7               14.2  
1953      4                6.1              133.2  
1953      5               10.6              117.9  
1953      6               11.3              258.7  
1953      7               14.6              197.0  
1953      8               13.4              112.7  
1953      9               12.0              114.1  
1953     10                7.9               84.7  
1953     11                1.4               17.0  
1953     12                1.2               61.0  
1954      1               -6.1              205.1  
1954      2               -3.8               68.1  
1954      3                2.2               46.7  
1954      4                3.1              127.6  
1954      5                8.5              118.3  
1954      6               12.6              180.7  
1954      7               11.6              179.2  
1954      8               12.0              294.6  
1954      9               10.8              184.5  
1954     10                6.3              119.6  
1954     11                2.4               51.8  
1954     12               -0.9              283.1  
1955      1               -0.9              140.5  
1955      2               -2.2              206.2  
1955      3               -1.6               55.1  
1955      4                4.7               90.7  
1955      5                8.6              116.9  
1955      6               12.6              162.4  
1955      7               13.5              241.1  
1955      8               12.6              110.7  
1955      9                9.8               83.9  
1955     10                4.7               79.8  
1955     11                0.2               30.0  
1955     12                0.6              118.4  
1956      1               -1.6              118.4  
1956      2              -12.6               38.9  
1956      3                1.1              145.3  
1956      4                3.6              110.9  
1956      5                9.7              130.7  
1956      6                9.8              178.8  
1956      7               14.0              160.9  
1956      8               12.2              280.9  
1956      9               12.1              153.4  
1956     10                3.8              156.5  
1956     11               -1.6               70.1  
1956     12               -2.8               23.0  
1957      1               -3.7               47.7  
1957      2                1.2              168.3  
1957      3                4.8               80.3  
1957      4                5.1               62.7  
1957      5                6.4              124.3  
1957      6               13.7              188.1  
1957      7               14.0              176.4  
1957      8               12.4              225.2  
1957      9                9.4              154.8  
1957     10                6.1               26.0  
1957     11                1.8               50.3  
1957     12               -2.1               51.2  
1958      1               -3.8              127.8  
1958      2                0.1              317.4  
1958      3               -3.2               97.6  
1958      4                2.4              162.5  
1958      5               12.0               97.5  
1958      6               12.0              127.8  
1958      7               14.6              172.5  
1958      8               14.4              179.8  
1958      9               12.4               88.8  
1958     10                5.0              259.7  
1958     11                0.4               53.2  
1958     12               -0.5              110.9  
1959      1               -3.2              142.7  
1959      2               -1.0               26.1  
1959      3                4.6               73.7  
1959      4                5.9               93.1  
1959      5               10.0               99.4  
1959      6               12.2              179.1  
1959      7               15.6              162.5  
1959      8               13.3               92.6  
1959      9               11.9               40.7  
1959     10                5.9              125.7  
1959     11                0.5              107.6  
1959     12               -0.3              128.7  
1960      1               -3.3               89.0  
1960      2               -0.8               62.3  
1960      3                3.4               93.3  
1960      4                4.8              104.9  
1960      5               10.7               75.7  
1960      6               13.6              123.5  
1960      7               11.8              262.5  
1960      8               12.9              241.1  
1960      9                9.4              219.7  
1960     10                6.6              166.9  
1960     11                3.0              111.9  
1960     12               -2.6               91.5  
1961      1               -3.2               69.3  
1961      2                1.2              150.4  
1961      3                1.6               67.1  
1961      4                8.2               88.9  
1961      5                7.9              201.1  
1961      6               13.5              107.3  
1961      7               12.9              189.6  
1961      8               12.9              171.9  
1961      9               13.9               37.0  
1961     10                7.2              100.1  
1961     11                1.4               43.4  
1961     12               -1.0              168.9  
1962      1               -2.5              146.1  
1962      2               -3.4              159.5  
1962      3               -2.0              107.4  
1962      4                4.7              124.1  
1962      5                7.5              177.4  
1962      6               11.3               82.1  
1962      7               12.9              165.6  
1962      8               14.7              134.5  
1962      9               10.3               83.4  
1962     10                6.8               22.0  
1962     11                0.3               50.3  
1962     12               -6.2              258.1  
1963      1               -8.6               79.3  
1963      2               -7.1               43.7  
1963      3               -0.3              171.9  
1963      4                5.9               87.9  
1963      5                8.7              120.6  
1963      6               12.4              165.7  
1963      7               15.0              124.9  
1963      8               12.6              201.7  
1963      9               10.9               94.8  
1963     10                6.1               82.1  
1963     11                4.5              131.2  
1963     12               -4.1               12.9  
1964      1               -5.6               35.1  
1964      2               -0.6               54.8  
1964      3                0.4              119.4  
1964      4                6.0              151.0  
1964      5               11.4              123.5  
1964      6               14.1              158.8  
1964      7               15.9              152.7  
1964      8               12.9              148.3  
1964      9               11.0               92.2  
1964     10                4.7              160.3  
1964     11                2.1              190.5  
1964     12               -3.3              102.6  
1965      1               -1.4               83.9  
1965      2               -6.8               92.6  
1965      3                0.2               93.8  
1965      4                3.1              193.6  
1965      5                8.7              151.2  
1965      6               12.9              198.5  
1965      7               12.8              165.5  
1965      8               12.6              206.1  
1965      9                9.3              252.2  
1965     10                6.5                7.9  
1965     11                1.3              142.2  
1965     12               -0.8              267.1  
1966      1               -5.4               90.4  
1966      2                2.8              120.2  
1966      3               -0.8              229.5  
1966      4                6.4              107.5  
1966      5                9.6              191.5  
1966      6               13.6              157.3  
1966      7               12.2              201.4  
1966      8               12.0              196.6  
1966      9               12.0               69.1  
1966     10                9.7               83.7  
1966     11                0.3              169.8  
1966     12               -2.1              208.8  
1967      1               -3.9              123.4  
1967      2               -1.0               88.5  
1967      3                1.7              220.7  
1967      4                3.3              124.0  
1967      5                9.5              185.3  
1967      6               11.7              109.2  
1967      7               16.5              132.2  
1967      8               14.0              148.1  
1967      9               10.1              183.7  
1967     10                8.5               56.5  
1967     11                2.4               70.6  
1967     12               -4.8              131.2  
1968      1               -4.4              369.9  
1968      2               -0.4               57.6  
1968      3                0.2              134.6  
1968      4                5.8               94.9  
1968      5                9.2              192.7  
1968      6               12.5               96.0  
1968      7               13.6              151.5  
1968      8               12.2              190.4  
1968      9                9.7              233.9  
1968     10                8.4               38.5  
1968     11                1.8               94.1  
1968     12               -3.2              126.2  
1969      1               -1.7               70.7  
1969      2               -4.1               82.5  
1969      3                0.7               48.0  
1969      4                4.8              141.8  
1969      5               10.6              143.1  
1969      6               10.6              223.0  
1969      7               15.2              125.0  
1969      8               12.7              207.2  
1969      9               11.8               33.7  
1969     10                7.5               17.4  
1969     11                1.8              166.5  
1969     12               -7.7              126.3  
1970      1               -1.7               56.1  
1970      2               -2.8              340.0  
1970      3               -1.8              129.3  
1970      4                1.7              253.3  
1970      5                7.9              128.3  
1970      6               13.9               94.6  
1970      7               13.5              172.1  
1970      8               13.8              255.0  
1970      9               11.4              125.7  
1970     10                5.8              168.2  
1970     11                3.3              133.5  
1970     12               -3.9               59.3  
1971      1               -2.9               12.5  
1971      2               -3.1               98.6  
1971      3               -3.0               65.7  
1971      4                7.3               39.7  
1971      5               11.7               84.3  
1971      6               10.5              227.3  
1971      7               15.0               63.9  
1971      8               14.8              191.5  
1971      9                9.7               64.0  
1971     10                6.9               14.6  
1971     11                0.0              133.8  
1971     12               -1.1               61.2  
1972      1               -1.9               48.2  
1972      2                2.7               27.7  
1972      3                4.0               45.8  
1972      4                4.0              157.1  
1972      5                8.1              146.8  
1972      6               11.3              109.2  
1972      7               13.3              172.8  
1972      8               12.9              131.1  
1972      9                7.7               70.3  
1972     10                4.7               95.1  
1972     11                1.6              181.2  
1972     12               -0.9               17.3  
1973      1               -3.2               77.3  
1973      2               -4.4              108.7  
1973      3               -0.8               45.2  
1973      4                1.2              148.1  
1973      5               10.8              106.4  
1973      6               13.1              154.2  
1973      7               13.4              267.1  
1973      8               15.4              127.4  
1973      9               11.5               81.2  
1973     10                5.0              143.3  
1973     11                1.1              190.1  
1973     12               -1.7              138.7  
1974      1                0.0              102.6  
1974      2                0.3              110.1  
1974      3                3.3               75.4  
1974      4                4.9               89.6  
1974      5                8.2              144.8  
1974      6               11.0              146.5  
1974      7               13.4              166.8  
1974      8               14.8              173.1  
1974      9               10.3              155.8  
1974     10                0.9              254.1  
1974     11                0.8              205.4  
1974     12               -0.4              197.2  
1975      1                0.5              120.3  
1975      2               -0.9               29.7  
1975      3                0.2              130.4  
1975      4                3.5              197.2  
1975      5                9.6               76.1  
1975      6               10.8              142.8  
1975      7               14.1              152.5  
1975      8               13.8              197.8  
1975      9               13.4              110.1  
1975     10                5.2               74.6  
1975     11                0.5              158.8  
1975     12               -3.9               17.5  
1976      1               -2.6              134.5  
1976      2               -0.7               32.9  
1976      3               -0.1               40.1  
1976      4                4.7               89.4  
1976      5               10.1               85.6  
1976      6               14.6              111.9  
1976      7               14.8              235.2  
1976      8               12.3              104.1  
1976      9                9.7              200.2  
1976     10                9.0              141.9  
1976     11                0.9              100.5  
1976     12               -3.6              132.3  
1977      1               -1.6               93.6  
1977      2                0.8              155.5  
1977      3                4.2              111.3  
1977      4                2.8              284.7  
1977      5                9.7               80.1  
1977      6               12.6              114.4  
1977      7               13.6              203.2  
1977      8               12.4              246.4  
1977      9                9.4               73.0  
1977     10                8.9              100.2  
1977     11                0.9              182.8  
1977     12               -0.6               92.3  
1978      1               -2.7              135.4  
1978      2               -2.2              182.0  
1978      3                1.4              219.2  
1978      4                3.9               87.8  
1978      5                8.1              155.5  
1978      6               11.6              149.8  
1978      7               13.5              169.3  
1978      8               12.6              192.0  
1978      9               10.2              124.2  
1978     10                5.9              110.5  
1978     11                0.7               23.7  
1978     12               -0.3               57.6  
1979      1               -4.4               87.6  
1979      2               -0.7               57.6  
1979      3                2.1              229.9  
1979      4                3.3              106.8  
1979      5                9.8              143.0  
1979      6               12.9              198.7  
1979      7               13.6               73.6  
1979      8               12.2              223.7  
1979      9               10.7              107.4  
1979     10                9.4              133.2  
1979     11                0.3              245.3  
1979     12                0.3              201.4  
1980      1               -4.2              120.1  
1980      2               -0.3              100.7  
1980      3                1.3               95.4  
1980      4                1.8              150.9  
1980      5                7.9               91.5  
1980      6               10.7              249.9  
1980      7               12.0              188.6  
1980      8               14.7              111.4  
1980      9               12.7               39.8  
1980     10                6.3              195.5  
1980     11                0.7               48.9  
1980     12               -4.1              125.8  
1981      1               -5.2              237.1  
1981      2               -4.8               66.6  
1981      3                3.0              142.9  
1981      4                7.0               23.6  
1981      5                9.5              152.4  
1981      6               13.2              110.5  
1981      7               13.1              270.0  
1981      8               14.7              113.8  
1981      9               11.6              272.5  
1981     10                6.3              244.4  
1981     11                0.8              139.0  
1981     12               -2.6              231.3  
1982      1               -0.9              158.4  
1982      2               -1.7               27.1  
1982      3                0.1              102.0  
1982      4                3.4               68.5  
1982      5                9.8               89.4  
1982      6               13.5              188.1  
1982      7               15.7              146.1  
1982      8               13.6              163.5  
1982      9               13.3              189.2  
1982     10                6.8               68.3  
1982     11                3.5               86.1  
1982     12               -1.1               95.5  
1983      1               -0.3              162.5  
1983      2               -5.1               74.6  
1983      3                1.9               61.2  
1983      4                6.6              120.6  
1983      5                7.9              282.9  
1983      6               13.6              111.4  
1983      7               18.4               41.4  
1983      8               14.4              137.5  
1983      9               11.5              208.0  
1983     10                7.1               80.9  
1983     11                1.3              138.5  
1983     12               -1.6              114.2  
1984      1               -2.3              134.9  
1984      2               -4.7              116.5  
1984      3               -1.4               62.6  
1984      4                3.9               60.4  
1984      5                7.4               86.5  
1984      6               12.0              146.3  
1984      7               14.0              149.0  
1984      8               13.5              158.9  
1984      9                9.1              351.9  
1984     10                7.8               94.7  
1984     11                6.1               71.5  
1984     12               -0.7               78.3  
1985      1               -7.6               82.3  
1985      2               -2.7              109.9  
1985      3                0.1               63.0  
1985      4                5.0              148.5  
1985      5               10.2              114.8  
1985      6               11.1              185.3  
1985      7               15.8              152.2  
1985      8               13.5              299.0  
1985      9               12.2               72.3  
1985     10                7.1                6.1  
1985     11               -2.2              109.8  
1985     12                0.9               35.7  
1986      1               -2.7              240.2  
1986      2               -6.7               44.6  
1986      3                1.3              137.0  
1986      4                3.5              244.6  
1986      5               11.9              164.5  
1986      6               12.7              156.8  
1986      7               14.0              167.8  
1986      8               13.9              174.7  
1986      9               11.2               47.2  
1986     10                8.1               89.1  
1986     11                2.8               74.1  
1986     12               -1.4              209.8  
1987      1               -7.7              132.9  
1987      2               -1.5              115.6  
1987      3               -2.6              104.3  
1987      4                5.8              105.9  
1987      5                7.0              229.2  
1987      6               11.0              282.8  
1987      7               14.9              325.5  
1987      8               13.9              163.1  
1987      9               14.2               87.9  
1987     10                9.5               50.0  
1987     11                2.2              113.8  
1987     12                0.8              103.5  
1988      1                1.9              101.5  
1988      2               -1.6              131.0  
1988      3               -0.9              338.0  
1988      4                6.1               79.0  
1988      5               11.5              103.5  
1988      6               11.9              173.3  
1988      7               14.7              178.9  
1988      8               14.5              168.2  
1988      9               11.0               89.4  
1988     10                9.5              171.3  
1988     11               -0.3               75.9  
1988     12               -1.3              217.5  
1989      1               -1.8               15.9  
1989      2                0.9               71.8  
1989      3                4.5              105.5  
1989      4                5.3              135.9  
1989      5               10.7               71.2  
1989      6               11.6              144.0  
1989      7               15.1              146.4  
1989      8               14.1              224.0  
1989      9               11.1              115.9  
1989     10                8.2              100.0  
1989     11                0.9               92.9  
1989     12                0.1               67.8  
1990      1               -1.2               30.4  
1990      2                3.6              327.4  
1990      3                3.5               85.2  
1990      4                4.1              128.3  
1990      5               11.7               79.8  
1990      6               12.2              225.7  
1990      7               14.8              124.3  
1990      8               15.1              134.0  
1990      9               10.2              125.6  
1990     10               10.1               88.5  
1990     11                1.0              177.4  
1990     12               -4.4               81.0  
1991      1               -3.4               80.8  
1991      2               -3.5               40.0  
1991      3                5.2               88.2  
1991      4                4.0               95.7  
1991      5                6.0              151.4  
1991      6               11.7              280.4  
1991      7               16.3              200.6  
1991      8               15.9               51.6  
1991      9               13.8              243.9  
1991     10                6.0               43.4  
1991     11                1.5               78.8  
1991     12               -3.7              212.6  
1992      1               -3.0               17.1  
1992      2               -1.0              140.6  
1992      3                1.9              257.0  
1992      4                4.8              115.4  
1992      5               11.7               34.9  
1992      6               12.8               92.4  
1992      7               15.4              184.5  
1992      8               17.3              219.8  
1992      9               11.9              106.2  
1992     10                5.2              101.9  
1992     11                3.9              265.6  
1992     12               -1.2               99.3  
1993      1               -0.2               87.1  
1993      2               -2.5               55.5  
1993      3                0.6               66.8  
1993      4                7.2              133.4  
1993      5               11.9              105.9  
1993      6               13.4              180.4  
1993      7               13.2              278.6  
1993      8               14.6              209.1  
1993      9               10.8              211.7  
1993     10                6.3              284.1  
1993     11               -1.2               37.9  
1993     12               -0.3              185.3  
1994      1               -0.6              140.3  
1994      2               -0.4               47.1  
1994      3                5.7               82.7  
1994      4                4.2              127.5  
1994      5               10.7              174.1  
1994      6               13.6              120.8  
1994      7               17.6              120.3  
1994      8               15.7              194.7  
1994      9               11.9              177.2  
1994     10                7.7               33.5  
1994     11                5.8               85.5  
1994     12               -0.6              114.8  
1995      1               -3.1              214.6  
1995      2                1.4              101.4  
1995      3                0.0              168.4  
1995      4                5.6              156.4  
1995      5                9.9              138.4  
1995      6               11.1              170.9  
1995      7               17.1              205.9  
1995      8               13.8              239.5  
1995      9                9.3              161.5  
1995     10               10.5                4.6  
1995     11                2.0               99.6  
1995     12               -1.1              128.3  
1996      1                0.8                3.7  
1996      2               -2.7               59.7  
1996      3                0.0               89.3  
1996      4                6.6               64.1  
1996      5                9.6              241.0  
1996      6               14.1               94.0  
1996      7               13.7              212.0  
1996      8               13.7              209.3  
1996      9                8.2               99.1  
1996     10                7.4              138.5  
1996     11                2.0              228.4  
1996     12               -1.8               34.9  
1997      1               -1.3                3.3  
1997      2                1.0               91.5  
1997      3                4.0              108.7  
1997      4                4.4              140.5  
1997      5               10.7               86.0  
1997      6               12.9              266.2  
1997      7               13.3              278.5  
1997      8               15.9              183.7  
1997      9               12.9               43.0  
1997     10                6.6               96.3  
1997     11                3.2               91.2  
1997     12                0.0              145.3  
1998      1               -1.0               81.2  
1998      2                1.3               26.4  
1998      3                1.3              134.1  
1998      4                5.5              142.3  
1998      5               11.4               42.4  
1998      6               14.1              161.8  
1998      7               15.0              180.8  
1998      8               15.1              140.1  
1998      9               10.8              267.5  
1998     10                6.7              156.1  
1998     11               -1.8              132.4  
1998     12               -1.8               69.8  
1999      1               -0.4              114.0  
1999      2               -4.1              355.2  
1999      3                2.5               99.8  
1999      4                4.9              139.6  
1999      5               12.4              234.7  
1999      6               11.9              277.9  
1999      7               15.4              102.0  
1999      8               14.9              223.5  
1999      9               13.8              203.5  
1999     10                8.0               95.3  
1999     11               -0.9              119.0  
1999     12               -1.6              176.6  
2000      1               -3.9              104.6  
2000      2                0.1              182.0  
2000      3                1.4              205.9  
2000      4                7.3              105.6  
2000      5               12.3              103.0  
2000      6               14.9              105.1  
2000      7               12.8              250.7  
2000      8               15.9              210.8  
2000      9               12.0              131.3  
2000     10                7.8              175.6  
2000     11                2.8              198.1  
2000     12                2.1               33.3  
2001      1               -0.8               75.7  
2001      2                0.0              132.3  
2001      3                4.4              184.9  
2001      4                3.8              207.8  
2001      5               12.9               68.1  
2001      6               11.9              280.5  
2001      7               15.2              204.3  
2001      8               16.1              178.3  
2001      9                8.2              206.9  
2001     10               11.0               62.5  
2001     11               -0.6              128.9  
2001     12               -4.7               88.4  
2002      1               -2.2               32.2  
2002      2                2.0              123.7  
2002      3                4.1              168.3  
2002      4                6.4               84.7  
2002      5               10.5              244.7  
2002      6               16.1               75.7  
2002      7               14.8              196.8  
2002      8               14.2              189.1  
2002      9               10.1              154.1  
2002     10                7.8              117.9  
2002     11                4.1              455.7  
2002     12                0.4              154.5  
2003      1               -3.6              124.1  
2003      2               -4.8               63.3  
2003      3                3.8               29.8  
2003      4                6.6               56.6  
2003      5               11.9              168.0  
2003      6               18.4               80.8  
2003      7               16.2              159.3  
2003      8               18.7              102.3  
2003      9               11.4               56.4  
2003     10                4.2              220.5  
2003     11                5.2               73.0  
2003     12                0.6               85.4  
2004      1               -2.7              209.6  
2004      2               -1.1               61.0  
2004      3                1.3               64.8  
2004      4                6.6               69.7  
2004      5                8.8              113.5  
2004      6               13.1              197.2  
2004      7               14.8              119.4  
2004      8               15.1              234.0  
2004      9               11.7              134.9  
2004     10                9.5              118.6  
2004     11                0.7               48.1  
2004     12               -1.5               59.8  
2005      1               -3.4              122.6  
2005      2               -5.1              114.7  
2005      3                1.2               47.2  
2005      4                6.8               89.7  
2005      5               11.0              152.6  
2005      6               15.0              126.4  
2005      7               14.8              194.1  
2005      8               12.7              301.2  
2005      9               12.8               53.3  
2005     10                8.7               55.9  
2005     11                1.2               33.9  
2005     12               -4.4              120.9  
2006      1               -3.8               70.7  
2006      2               -2.7               79.7  
2006      3               -0.6              136.2  
2006      4                6.0              120.0  
2006      5               10.4              219.7  
2006      6               14.5               97.6  
2006      7               18.9               83.6  
2006      8               11.5              268.3  
2006      9               14.5              116.9  
2006     10               10.9               49.3  
2006     11                5.3               93.6  
2006     12                0.3               82.6  
2007      1                0.4              138.3  
2007      2                1.5               82.9  
2007      3                2.7              120.4  
2007      4               11.3               34.0  
2007      5               11.4              218.8  
2007      6               14.2              171.2  
2007      7               14.7              226.5  
2007      8               14.0              251.0  
2007      9               10.0              126.8  
2007     10                6.8               24.7  
2007     11                0.2              153.6  
2007     12               -2.3              110.5  
2008      1                1.0               98.0  
2008      2                1.3               36.4  
2008      3                0.9              182.1  
2008      4                5.1              181.1  
2008      5               12.8               30.8  
2008      6               14.4              161.6  
2008      7               14.6              267.8  
2008      8               14.8              212.0  
2008      9               10.1              208.3  
2008     10                7.5              124.2  
2008     11                2.8              118.6  
2008     12               -1.7              122.5  
2009      1               -4.4               43.0  
2009      2               -1.8              127.5  
2009      3                0.8              151.8  
2009      4                8.6               69.5  
2009      5               13.0               72.4  
2009      6               13.0              165.2  
2009      7               15.2              254.8  
2009      8               16.5              130.4  
2009      9               12.9               75.3  
2009     10                6.7              109.1  
2009     11                5.1              146.4  
2009     12               -2.0               89.4  
2010      1               -4.7               47.1  
2010      2               -1.7               35.3  
2010      3                1.4               92.1  
2010      4                7.1               60.1  
2010      5                8.8              228.2  
2010      6               13.9              107.8  
2010      7               16.6              240.7  
2010      8               13.8              317.8  
2010      9               10.3              127.2  
2010     10                6.8               98.4  
2010     11                2.5              144.7  
2010     12               -2.6               66.7  
2011      1               -1.8               70.5  
2011      2                0.2               54.8  
2011      3                3.9               36.4  
2011      4                9.7               30.8  
2011      5               12.0              111.6  
2011      6               13.6              159.3  
2011      7               13.3              211.4  
2011      8               16.2              157.9  
2011      9               13.2              111.8  
2011     10                6.9              138.0  
2011     11                4.7                3.4  
2011     12                0.2              271.9  
2012      1               -1.9              162.6  
2012      2               -7.2               30.4  
2012      3                4.0               53.7  
2012      4                6.6               94.5  
2012      5               11.4              101.3  
2012      6               14.6              245.6  
2012      7               14.9              118.6  
2012      8               16.4              196.9  
2012      9               11.8              153.4  
2012     10                8.0              158.2  
2012     11                4.0               94.0  
2012     12               -1.2              217.7  
2013      1               -2.1               94.7  
2013      2               -4.7               81.6  
2013      3                0.9               44.0  
2013      4                6.3              117.4  
2013      5                8.4              212.1  
2013      6               13.2              126.8  
2013      7               17.1              111.1  
2013      8               15.3              163.0  
2013      9               11.7              173.4  
2013     10                9.8              146.4  
2013     11                0.7              139.1  
2013     12               -0.2               65.4  
2014      1                1.2               54.3  
2014      2                1.7               87.0  
2014      3                4.4               71.1  
2014      4                8.2               99.9  
2014      5                9.7              149.2  
2014      6               14.3              150.1  
2014      7               14.9              253.0  
2014      8               13.4              165.8  
2014      9               12.1               86.5  
2014     10               10.0              146.6  
2014     11                6.7              169.5  
2014     12                0.5               88.6  
2015      1               -0.9              147.1  
2015      2               -2.7               48.0  
2015      3                3.2              144.8  
2015      4                7.0               86.7  
2015      5               10.8              213.5  
2015      6               15.0              131.7  
2015      7               18.4               59.4  
2015      8               16.8              107.1  
2015      9               10.5              185.5  
2015     10                7.3               88.2  
2015     11                4.7               92.7  
2015     12                2.5               22.1  
2016      1               -0.4              150.5  
2016      2                1.2              113.9  
2016      3                2.1               65.2  
2016      4                7.0              146.9  
2016      5               10.1              215.8  
2016      6               13.4              263.2  
2016      7               15.9              198.2  
2016      8               15.5              120.4  
2016      9               13.6              108.2  
2016     10                7.1               60.6  
2016     11                4.0               86.4  
2016     12                0.1                5.0  
2017      1               -5.5              117.8  
2017      2                1.9               87.8  
2017      3                5.8              214.0  
2017      4                5.7              136.2  
2017      5               12.1               63.9  
2017      6               16.3              201.6  
2017      7               15.8              193.5  
2017      8               16.4              195.9  
2017      9                9.8              186.2  
2017     10                8.4              100.3  
2017     11                1.1              122.9  
2017     12               -1.9              168.8  
2018      1                2.0              266.3  
2018      2               -4.2               56.1  
2018      3                1.9              117.9  
2018      4               10.7               36.0  
2018      5               12.5               84.7  
2018      6               15.3               74.3  
2018      7               17.4              108.2  
2018      8               16.9              134.9  
2018      9               13.3               97.2  
2018     10                9.3              133.9  
2018     11                5.1               11.8  
2018     12                0.2              260.8  
2019      1               -4.0              163.5  
2019      2                0.8               43.0  
2019      3                3.3              129.6  
2019      4                7.0              140.8  
2019      5                7.8              119.3  
2019      6               16.9              117.5  
2019      7               17.1              151.4  
2019      8               15.9              230.9  
2019      9               12.2              139.0  
2019     10               10.3              180.8  
2019     11                3.6              126.4  
2019     12                2.2              119.0  
2020      1                0.0               53.6  
2020      2                2.2              156.3  
2020      3                3.1               75.4  
2020      4                9.7               64.8  
2020      5               11.1              105.7  
2020      6               13.4              203.7  
2020      7               16.1              147.9  
2020      8               15.8              290.9  
2020      9               12.9              100.5  
2020     10                7.2              213.2  
2020     11                3.7               21.5  
2020     12               -0.3              100.8  
2021      1               -3.3              240.9  
2021      2                1.4               44.1  
2021      3                1.8              104.9  
2021      4                5.2               40.5  
2021      5                8.2              143.4  
2021      6               16.1              139.3  
2021      7               15.0              329.8  
2021      8               14.2              182.2  
2021      9               13.2               87.3  
2021     10                7.8               40.9  
2021     11                1.9              108.6  
2021     12               -1.2              129.6  
2022      1               -1.9               48.8  
2022      2                0.1              116.5  
2022      3                4.3               15.4  
2022      4                6.6              114.4  
2022      5               12.9              103.9  
2022      6               16.4              184.7  
2022      7               17.4               92.3  
2022      8               16.7              141.9  
2022      9               11.0              171.3  
2022     10               12.0              121.7  
